1 2 5859 5860 
1 2 5860 5859 
1 3 5860 5859 6887 
1 3 6012 6014 6011 
1 3 6011 6014 6012 
1 5 6011 6015 6012 8511 8522 
1 11 6011 6799 6800 6802 6801 8442 8456 8452 8443 8445 8750 
1 4 6314 6313 8661 8663 
1 7 6321 6309 6311 6319 6316 7712 7717 
1 2 6385 6386 
1 2 6386 6385 
1 2 6386 7842 
1 8 6394 8198 8195 8207 8206 8211 8201 8039 
1 3 6394 8198 8210 
1 5 6800 6802 6801 8442 8456 
1 3 6801 8442 8456 
1 3 6806 8513 8512 
1 5 6809 7838 7844 7840 7842 
1 3 6887 5859 5860 
1 2 6887 6882 
1 2 6882 6887 
1 3 6882 6881 7410 
1 3 7410 6881 6882 
1 4 7410 6889 7412 8081 
1 5 7650 8509 8523 8514 8522 
1 4 7716 7715 8332 8338 
1 3 7716 7713 8210 
1 7 7717 7712 6316 6319 6311 6309 6321 
1 3 7717 7713 8210 
1 10 7717 7712 6316 6319 6311 6313 8661 8648 8663 8650 
1 2 7841 7842 
1 2 7842 7841 
1 2 7842 6386 
1 5 7842 7840 7844 7838 6809 
1 7 7842 7840 7839 7413 7410 7412 8081 
1 8 8039 8201 8211 8206 8207 8195 8198 6394 
1 35 8039 8038 8050 8035 8459 8440 8441 8766 8451 8760 8756 8752 8553 8533 8532 8554 8540 8543 8262 6914 6915 6918 6916 6918 6915 6914 8262 8543 8540 8554 8537 8545 8533 8546 8321 
1 4 8081 7412 6889 7410 
1 7 8081 7412 7410 7413 7839 7840 7842 
1 3 8081 8333 8339 
1 3 8210 7713 7716 
1 3 8210 8198 6394 
1 3 8210 7713 7717 
1 4 8210 8336 8340 8339 
1 4 8338 8332 7715 7716 
1 3 8339 8333 8081 
1 4 8339 8340 8336 8210 
1 5 8456 8442 6801 6802 6800 
1 3 8456 8442 6801 
1 5 8456 8457 8450 8440 8441 
1 5 8441 8440 8450 8457 8456 
1 7 8441 8766 8451 8454 8753 8748 8750 
1 29 8441 8766 8451 8760 8756 8752 8553 8533 8532 8554 8540 8543 8262 6914 6915 6918 6916 6918 6915 6914 8262 8543 8540 8554 8537 8545 8533 8546 8321 
1 5 8522 8511 6012 6015 6011 
1 5 8522 8514 8523 8509 7650 
1 3 8522 8524 8512 
1 3 8512 8513 6806 
1 3 8512 8524 8522 
1 4 8663 8661 6313 6314 
1 2 8663 8650 
1 2 8650 8663 
1 8 8650 7227 7216 7188 7228 7208 7192 7212 
1 10 8650 8663 8648 8661 6313 6311 6319 6316 7712 7717 
1 12 8650 7227 7216 7188 7228 7208 7192 7212 7193 7197 6258 8605 
1 3 8763 8762 8750 
1 3 8750 8762 8763 
1 11 8750 8445 8443 8452 8456 8442 6801 6802 6800 6799 6011 
1 7 8750 8748 8753 8454 8451 8766 8441 
1 4 10850 10846 11108 11107 
1 11 10850 10853 10846 10854 11108 11107 11102 11114 11101 11109 12273 
1 6 10865 10859 11674 11681 11673 11044 
1 6 10878 10879 11750 11755 11749 11751 
1 4 10885 10898 10884 10893 
1 8 10885 10887 10897 11276 11285 11268 11282 11273 
1 4 10893 10884 10898 10885 
1 4 10893 10890 12328 11602 
1 5 10909 10899 10907 10906 11573 
1 5 10909 12217 12219 12221 12218 
1 4 10917 11111 11112 11789 
1 3 10926 11886 11882 
1 2 10934 11961 
1 3 10958 11765 11769 
1 6 10952 10946 10975 10953 12196 12198 
1 3 10981 10983 10979 
1 3 10979 10983 10981 
1 4 10979 12294 12298 12293 
1 7 10979 10985 10976 10984 11227 11222 11226 
1 4 11004 10990 11005 11742 
1 3 11010 11874 11871 
1 5 11011 11228 11223 11231 11226 
1 5 11025 11021 11018 11012 11026 
1 5 11026 11012 11018 11021 11025 
1 4 11026 11655 11650 11661 
1 6 11026 11655 11018 11021 11015 11735 
1 6 11044 11673 11681 11674 10859 10865 
1 2 11044 11680 
1 5 11072 12164 12148 12157 12161 
1 5 11076 11069 11992 11996 11988 
1 3 11094 11092 11088 
1 3 11088 11092 11094 
1 3 11088 11087 14679 
1 3 11088 11087 12092 
1 4 11107 11108 10846 10850 
1 8 11107 11057 11051 11055 11038 11058 11046 11397 
1 2 11120 11119 
1 2 11119 11120 
1 4 11119 11118 12147 12161 
1 8 11134 11001 11741 11745 11742 11740 11747 11742 
1 3 11143 11138 12012 
1 3 11139 11138 12012 
1 3 11152 11150 11934 
1 2 11146 11520 
1 5 11146 11149 11520 11525 11517 
1 4 11155 11346 11339 11353 
1 2 11172 12326 
1 2 11175 12323 
1 4 11187 11933 11932 11931 
1 11 11187 11183 11604 11623 11619 11607 11186 11506 12022 12032 12013 
1 2 11192 11852 
1 3 11190 11192 11852 
1 5 11197 11195 11204 11720 11721 
1 4 11211 11213 11216 11803 
1 3 11217 11216 11803 
1 5 11217 12140 12131 12258 12253 
1 3 11221 11230 11226 
1 3 11226 11230 11221 
1 7 11226 11222 11227 10984 10976 10985 10979 
1 5 11226 11231 11223 11228 11011 
1 7 11236 11238 11702 11699 11697 11472 11465 
1 3 11236 11601 11602 
1 7 11242 12330 11478 11466 11476 11469 11465 
1 5 11261 11251 11253 11482 11497 
1 5 11261 11257 12308 12315 12319 
1 8 11273 11282 11268 11285 11276 10897 10887 10885 
1 4 11293 11297 12176 11434 
1 2 11308 11485 
1 3 11326 11254 11497 
1 6 11331 11123 11135 11128 12136 12139 
1 4 11353 11339 11346 11155 
1 4 11353 11342 12184 12171 
1 4 11355 11358 11369 11370 
1 4 11370 11369 11358 11355 
1 7 11370 11369 11361 11363 11630 11638 11646 
1 3 11377 11691 11695 
1 4 11377 11375 11377 12251 
1 4 11374 11687 11694 11685 
1 3 11389 11591 11594 
1 4 11402 11411 11404 11397 
1 4 11397 11404 11411 11402 
1 8 11397 11046 11058 11038 11055 11051 11057 11107 
1 4 11397 11677 11671 11680 
1 2 11418 12085 
1 2 11419 12209 
1 4 11422 11376 11379 12251 
1 4 11434 12176 11297 11293 
1 6 11434 12176 12183 12167 12187 12171 
1 7 11465 11469 11476 11466 11478 12330 11242 
1 7 11465 11472 11697 11699 11702 11238 11236 
1 2 11485 11308 
1 5 11485 11312 11486 11492 11497 
1 5 11497 11492 11486 11312 11485 
1 3 11497 11254 11326 
1 5 11497 11482 11253 11251 11261 
1 9 11497 11482 11259 11250 11260 12313 12308 12315 12319 
1 3 11502 11184 11607 
1 2 11520 11146 
1 4 11517 11515 11522 12068 
1 5 11517 11525 11520 11149 11146 
1 5 11537 10928 11954 10934 11961 
1 3 11563 12052 12048 
1 2 11568 11567 
1 2 11567 11568 
1 3 11567 11569 12127 
1 5 11573 10906 10907 10899 10909 
1 3 11573 11571 12079 
1 4 11578 11585 11581 11751 
1 3 11590 11598 11594 
1 3 11594 11598 11590 
1 3 11594 11591 11389 
1 3 11594 11592 12010 
1 4 11602 12328 10890 10893 
1 3 11602 11601 11236 
1 2 11602 12327 
1 3 11607 11184 11502 
1 7 11607 11186 11506 12022 12037 12027 12013 
1 7 11646 11638 11630 11363 11361 11369 11370 
1 3 11646 11634 11645 
1 3 11645 11634 11646 
1 7 11645 11637 11628 11598 11594 11592 12010 
1 4 11661 11650 11655 11026 
1 5 11660 11665 11651 11648 14564 
1 4 11660 11651 11666 14563 
1 12 11660 11665 11651 11648 11663 11661 11650 11655 11018 11021 11015 11735 
1 2 11680 11044 
1 4 11680 11671 11677 11397 
1 3 11695 11691 11377 
1 3 11695 11684 11685 
1 3 11685 11684 11695 
1 4 11685 11694 11687 11374 
1 9 11685 11684 11695 11691 11373 11377 11375 11377 12251 
1 4 11698 11696 11868 12260 
1 7 11707 11708 11949 11948 11942 11947 11939 
1 3 11711 11719 11836 
1 5 11721 11720 11204 11195 11197 
1 6 11721 11720 11204 11199 11899 11905 
1 4 11726 11737 11732 11751 
1 6 11735 11015 11021 11018 11012 11026 
1 6 11735 11729 11736 11727 11583 11751 
1 12 11735 11015 11021 11018 11655 11650 11661 11663 11648 11651 11665 11660 
1 7 11742 11744 11738 11984 11989 11996 11988 
1 8 11742 11747 11740 11742 11745 11741 11001 11134 
1 4 11742 11005 10990 11004 
1 4 11751 11732 11737 11726 
1 6 11751 11749 11755 11750 10879 10878 
1 4 11751 11581 11585 11578 
1 6 11751 11092 11089 11095 11087 12092 
1 6 11751 11583 11727 11736 11729 11735 
1 3 11772 11804 11798 
1 3 11769 11765 10958 
1 6 11769 11759 12105 12098 12096 11913 
1 4 11789 11780 11111 10917 
1 3 11789 12283 12273 
1 3 11798 11804 11772 
1 2 11798 14598 
1 5 11798 11804 11797 11799 11803 
1 4 11803 11216 11213 11211 
1 5 11803 11799 11797 11804 11798 
1 3 11803 11216 11217 
1 7 11803 11218 11213 11211 11215 11879 11835 
1 4 11814 11809 11864 11853 
1 7 11831 11824 11820 11013 11027 11019 12319 
1 7 11835 11879 11215 11211 11213 11218 11803 
1 4 11835 11880 11877 11881 
1 3 11836 11719 11711 
1 3 11836 11847 11850 
1 3 11850 11847 11836 
1 10 11850 11847 11843 11142 11140 11144 11137 11139 11138 12012 
1 2 11852 11192 
1 3 11852 11192 11190 
1 5 11852 11192 11190 11599 12327 
1 3 11861 11858 11853 
1 3 11853 11858 11861 
1 4 11853 11855 11859 11939 
1 11 11853 11855 11863 11952 11939 11859 12065 12070 12073 12056 12062 
1 4 11853 11864 11809 11814 
1 2 11866 12320 
1 2 11867 12320 
1 3 11871 11874 11010 
1 3 11871 12214 12211 
1 3 11870 12213 12211 
1 6 11870 11872 11887 11884 11885 12225 
1 9 11870 11872 11869 11875 11563 12052 10925 11808 12048 
1 4 11881 11877 11880 11835 
1 3 11881 11921 11922 
1 2 11885 12225 
1 3 11882 11886 10926 
1 5 11882 11886 11888 11885 12225 
1 3 11908 11892 12259 
1 11 11905 11899 11199 11203 11206 11894 11909 11897 11908 11892 12259 
1 6 11905 11899 11199 11204 11720 11721 
1 6 11913 12096 12098 12105 11759 11769 
1 3 11913 11915 12110 
1 3 11918 11917 11922 
1 3 11922 11917 11918 
1 3 11922 11921 11881 
1 9 11922 11923 11917 11919 11920 11926 12154 12153 12163 
1 3 11922 12255 12253 
1 2 11931 12249 
1 4 11931 11932 11933 11187 
1 3 11931 12249 12251 
1 3 11934 11509 11152 
1 5 11934 11932 11931 12249 12251 
1 4 11939 11859 11855 11853 
1 7 11939 11947 11942 11948 11949 11708 11707 
1 7 11939 11937 12055 12067 12064 12058 12062 
1 8 11961 11388 11390 11391 11137 11139 11138 12012 
1 2 11961 10934 
1 5 11961 10934 11954 10928 11537 
1 3 11976 12059 12068 
1 2 11988 12078 
1 5 11988 11996 11992 11069 11076 
1 2 11988 11985 
1 7 11988 11996 11989 11984 11738 11744 11742 
1 2 11985 11988 
1 4 11985 11988 12084 12079 
1 7 12004 12002 11920 11925 12150 12153 12163 
1 2 12007 12006 
1 2 12006 12007 
1 4 12006 12008 11569 12127 
1 3 12012 11138 11143 
1 3 12012 11138 11139 
1 8 12012 11138 11139 11137 11391 11390 11388 11961 
1 10 12012 11138 11139 11137 11144 11140 11142 11843 11847 11850 
1 3 12012 12009 12010 
1 3 12010 12009 12012 
1 3 12010 11592 11594 
1 7 12010 11592 11594 11598 11628 11637 11645 
1 11 12013 12032 12022 11506 11186 11607 11619 11623 11604 11183 11187 
1 7 12013 12027 12037 12022 11506 11186 11607 
1 3 12048 12052 11563 
1 9 12048 11808 10925 12052 11563 11875 11869 11872 11870 
1 4 12068 11522 11515 11517 
1 3 12068 12059 11976 
1 4 12068 12059 12074 12062 
1 4 12062 12074 12059 12068 
1 11 12062 12056 12073 12070 12065 11859 11939 11952 11863 11855 11853 
1 7 12062 12058 12064 12067 12055 11937 11939 
1 2 12078 11988 
1 3 12079 11571 11573 
1 4 12079 12084 11988 11985 
1 7 12079 11571 11573 11576 11574 12223 12218 
1 2 12085 12211 
1 2 12085 11418 
1 2 12085 12211 
1 3 12092 11172 12326 
1 3 12092 11087 11088 
1 6 12092 11087 11095 11089 11092 11751 
1 3 12101 12120 12110 
1 3 12110 12120 12101 
1 8 12110 12100 11915 11913 11912 11916 12133 12139 
1 3 12110 11915 11913 
1 3 12127 11569 11567 
1 4 12127 11569 12008 12006 
1 4 12127 12322 12321 12320 
1 5 12127 12126 11603 11599 12327 
1 6 12139 12136 11128 11135 11123 11331 
1 6 12139 12136 12138 12137 12258 12253 
1 8 12139 12133 11916 11912 11913 11915 12100 12110 
1 5 12161 12157 12148 12164 11072 
1 4 12161 12147 11118 11119 
1 5 12161 12147 12156 12160 12163 
1 5 12163 12160 12156 12147 12161 
1 7 12163 12153 12150 11925 11920 12002 12004 
1 9 12163 12153 12154 11926 11920 11919 11917 11923 11922 
1 6 12171 12187 12167 12183 12176 11434 
1 4 12171 12184 11342 11353 
1 8 12171 12187 12178 12180 12169 10954 12200 12198 
1 3 12190 12197 12198 
1 3 12198 12197 12190 
1 6 12198 12196 10953 10975 10946 10952 
1 8 12198 12200 10954 12169 12180 12178 12187 12171 
1 2 12209 11419 
1 4 12209 11419 12085 12211 
1 2 12211 12085 
1 4 12211 12085 11419 12209 
1 3 12211 12214 11871 
1 2 12211 12085 
1 3 12211 12213 11870 
1 5 12218 12221 12219 12217 10909 
1 7 12218 12223 11574 11576 11573 11571 12079 
1 2 12225 11885 
1 6 12225 11885 11884 11887 11872 11870 
1 5 12225 11885 11888 11886 11882 
1 7 12228 11237 11697 11701 11901 12264 12260 
1 8 12228 11467 11469 11476 11466 11473 12336 12340 
1 2 12249 11931 
1 4 12251 11377 11375 11377 
1 3 12251 12249 11931 
1 4 12251 11379 11376 11422 
1 9 12251 11377 11375 11377 11373 11691 11695 11684 11685 
1 5 12251 12249 11931 11932 11934 
1 5 12253 12258 12131 12140 11217 
1 6 12253 12258 12137 12138 12136 12139 
1 3 12253 12255 11922 
1 4 12259 12262 11866 12320 
1 3 12259 11892 11908 
1 11 12259 11892 11908 11897 11909 11894 11206 11203 11199 11899 11905 
1 4 12260 11868 11696 11698 
1 7 12260 12264 11901 11701 11697 11237 12228 
1 4 12260 12261 11867 12320 
1 11 12273 11109 11101 11114 11102 11107 11108 10854 10846 10853 10850 
1 3 12273 12283 11789 
1 2 12293 12326 
1 4 12293 12298 12294 10979 
1 5 12296 12291 12290 12288 12323 
1 5 12319 12315 12308 11257 11261 
1 9 12319 12315 12308 12313 11260 11250 11259 11482 11497 
1 7 12319 11019 11027 11013 11820 11824 11831 
1 2 12320 11866 
1 4 12320 11866 12262 12259 
1 3 12320 11867 12320 
1 3 12320 11867 12320 
1 2 12320 11867 
1 4 12320 12321 12322 12127 
1 4 12320 11867 12261 12260 
1 2 12326 11172 
1 2 12326 12293 
1 3 12326 11172 12092 
1 5 12326 12293 12298 12288 12323 
1 5 12323 12288 12298 12293 12326 
1 2 12323 11175 
1 5 12323 12325 12290 12291 12296 
1 5 12327 11599 11603 12126 12127 
1 5 12327 11599 11190 11192 11852 
1 2 12327 11602 
1 8 12340 12336 11473 11466 11476 11469 11467 12228 
1 2 14260 14259 
1 2 14259 14260 
1 2 14440 14437 
1 2 14437 14440 
1 2 14482 14480 
1 2 14480 14483 
1 2 14480 14482 
1 2 14483 14480 
1 3 14494 14496 14495 
1 3 14495 14496 14494 
1 5 14564 11648 11651 11665 11660 
1 4 14563 11666 11651 11660 
1 2 14598 11798 
1 2 14616 14615 
1 2 14615 14616 
1 2 14617 14618 
1 2 14618 14617 
1 2 14628 14627 
1 2 14627 14628 
1 2 14683 14891 
1 3 14679 11087 11088 
1 4 14679 14681 14683 14891 
1 2 14831 14832 
1 2 14832 14831 
1 2 14891 14683 
1 4 14891 14683 14681 14679 
1 4 1423 4 8059 8056 
1 3 7 5 6429 
1 3 1849 8062 8056 
1 5 612 598 605 719 95 
1 4 715 721 2160 2159 
1 3 15 804 801 
1 12 15 20 9 19 8 7 3 1 6410 8055 8054 8056 
1 5 12 8 7 5 6429 
1 9 12 17 10 1405 1411 1412 1415 742 751 
1 3 22 26 24 
1 2 24 775 
1 3 24 27 22 
1 2 33 1846 
1 3 37 40 2033 
1 5 43 46 1021 1022 1018 
1 4 54 1753 1773 1766 
1 4 65 71 63 75 
1 4 75 63 71 65 
1 4 75 1480 1474 1475 
1 9 80 83 594 1791 1789 2185 2175 2179 2184 
1 5 80 83 85 87 1921 
1 5 95 719 605 598 612 
1 5 95 2162 2163 2157 2159 
1 3 115 1263 1264 
1 5 138 2287 2279 2273 2276 
1 10 168 196 157 185 1552 1576 1544 10497 10488 10480 
1 6 174 689 701 664 707 686 
1 4 213 200 383 382 
1 2 225 14813 
1 2 222 1635 
1 8 231 1063 1073 1056 1072 1059 1071 1051 
1 2 257 2242 
1 2 282 2025 
1 7 308 307 773 763 776 769 1160 
1 2 333 1619 
1 4 348 354 349 1269 
1 4 363 374 369 2102 
1 4 382 383 200 213 
1 6 382 387 1624 1615 1623 1619 
1 2 393 392 
1 2 392 393 
1 3 392 1606 2036 
1 3 401 743 751 
1 4 435 1582 1588 1578 
1 2 449 1089 
1 3 461 462 453 
1 3 453 463 461 
1 4 453 456 2167 2173 
1 4 480 491 486 1291 
1 6 508 507 1348 1355 1362 1352 
1 3 526 802 817 
1 5 530 539 526 802 817 
1 5 547 1353 1355 1362 1352 
1 4 580 587 1117 1114 
1 7 580 586 576 1600 1606 2036 2039 
1 4 593 2124 2122 2119 
1 2 621 2033 
1 3 628 2046 2040 
1 4 645 640 1630 1628 
1 5 646 654 1856 1860 1857 
1 3 660 1892 1894 
1 3 657 659 1662 
1 8 657 659 1662 1293 660 1892 1894 1893 
1 6 686 707 664 701 689 174 
1 9 686 707 714 668 697 663 710 670 2058 
1 3 729 1897 1900 
1 5 724 725 2155 2147 2153 
1 12 724 1775 1780 629 632 1782 631 1107 1103 1104 40 2033 
1 9 751 742 1415 1412 1411 1405 10 17 12 
1 3 751 743 401 
1 2 775 24 
1 3 775 768 765 
1 11 775 768 765 777 763 773 766 770 2010 1996 2002 
1 3 765 768 775 
1 3 765 771 1160 
1 3 786 789 829 
1 3 797 1749 1752 
1 4 795 794 1167 1172 
1 3 801 804 15 
1 4 801 810 803 817 
1 3 817 802 526 
1 4 817 803 810 801 
1 9 817 803 810 801 804 15 9 21 6429 
1 5 817 802 526 539 530 
1 3 829 789 786 
1 10 829 846 782 792 780 788 784 791 1447 1445 
1 3 872 1246 1261 
1 6 891 41 42 38 40 2033 
1 4 912 901 1464 1459 
1 4 950 948 951 967 
1 4 967 951 948 950 
1 4 967 957 1763 1766 
1 4 990 984 1688 1691 
1 5 985 987 1656 1659 1653 
1 4 1010 2175 2187 2184 
1 5 1018 1022 1021 1019 43 
1 4 1018 2220 2218 2217 
1 4 1029 1033 1796 1800 
1 5 1040 1046 2281 2269 2276 
1 8 1051 1071 1059 1072 1056 1073 1063 231 
1 6 1051 1066 1058 2193 2189 2192 
1 2 1092 14733 
1 2 1089 449 
1 4 1089 449 450 1899 
1 4 1105 1103 2016 2021 
1 3 1116 1109 1114 
1 3 1114 1109 1116 
1 4 1114 1117 587 580 
1 4 1114 1117 1429 1425 
1 9 1160 771 1155 1154 1985 1990 1982 1987 1983 
1 7 1160 769 776 763 773 307 308 
1 3 1160 771 765 
1 12 1160 769 776 763 773 307 310 1375 1377 1383 2141 2135 
1 2 1169 1172 
1 2 1172 1169 
1 4 1172 1167 794 795 
1 4 1172 1166 2262 2265 
1 2 1176 1893 
1 4 1205 1203 1232 1190 
1 4 1190 1232 1203 1205 
1 2 1190 14863 
1 7 1190 1215 1188 1217 1192 1999 2002 
1 3 1190 1226 14863 
1 11 1261 1244 1259 1248 1254 778 791 784 791 1447 1445 
1 3 1261 1246 872 
1 3 1264 1263 115 
1 4 1264 1397 1400 1392 
1 4 1269 349 354 348 
1 5 1269 1281 1009 1003 1793 
1 4 1291 486 491 480 
1 4 1291 1289 1293 1662 
1 4 1302 1297 1106 1778 
1 3 1307 8621 8613 
1 4 1325 1681 1680 1678 
1 5 1352 1362 1355 1353 547 
1 6 1352 1362 1355 1348 507 508 
1 5 1352 1344 1360 1398 1392 
1 4 1370 34 32 1846 
1 5 1376 1379 1383 2141 2135 
1 3 1386 1384 2255 
1 5 1392 1398 1360 1344 1352 
1 4 1392 1400 1397 1264 
1 9 1392 1403 1360 1338 1352 1356 1340 565 2135 
1 4 1425 1429 1117 1114 
1 6 1425 1424 1165 1166 2262 2265 
1 11 1445 1447 791 784 791 778 1254 1248 1259 1244 1261 
1 10 1445 1447 791 784 788 780 792 782 846 829 
1 5 1445 1818 1828 1824 1827 
1 4 1459 1464 901 912 
1 6 1459 1455 1458 2158 2160 2159 
1 3 1479 1599 1601 
1 4 1475 1474 1480 75 
1 4 1475 1969 1974 1971 
1 4 1496 1858 1862 1857 
1 4 1516 1667 2240 1674 
1 2 1544 10497 
1 4 1544 10497 10488 10480 
1 10 1547 9643 10723 10729 10718 10728 10719 10680 10667 10678 
1 4 1578 1588 1582 435 
1 4 1578 1587 1807 1805 
1 3 1590 1595 1593 
1 3 1593 1595 1590 
1 8 1593 1590 1594 1987 1983 14557 14553 14556 
1 3 1593 1180 1893 
1 3 1601 1599 1479 
1 3 1601 2037 2039 
1 5 1602 1608 1598 1607 2039 
1 3 1611 36 1846 
1 8 1611 36 33 1846 1847 2257 2253 2255 
1 6 1619 1623 1615 1624 387 382 
1 2 1619 333 
1 6 1619 333 328 337 2116 2119 
1 2 1631 1628 
1 2 1628 1631 
1 4 1628 636 640 645 
1 6 1628 1630 640 636 2194 2192 
1 2 1641 1635 
1 8 1641 1633 1640 1638 1639 1329 1335 1948 
1 2 1635 1641 
1 5 1635 222 224 227 14969 
1 2 1635 222 
1 6 1635 1641 1633 1640 1634 1678 
1 7 1655 1644 1650 1645 1913 1922 1919 
1 10 1653 1659 1644 1655 1644 1650 1645 1913 1922 1919 
1 5 1653 1659 1656 987 985 
1 6 1662 1293 1295 660 1892 1894 
1 3 1662 659 657 
1 4 1662 1293 1289 1291 
1 4 1674 2240 1667 1516 
1 5 1674 2229 1675 2048 2050 
1 2 1679 1751 
1 6 1678 1634 1640 1633 1641 1635 
1 4 1678 1680 1681 1325 
1 2 1690 1691 
1 4 1691 1688 984 990 
1 8 1691 1689 1690 1694 1687 2166 2174 2173 
1 2 1691 1690 
1 6 1702 1720 1699 1721 550 1841 
1 3 1741 2087 2090 
1 3 1752 1749 797 
1 2 1751 1679 
1 20 1751 1679 1682 1681 1680 1634 1678 12853 12914 12901 12850 12910 12905 12912 12851 12848 12847 14920 14518 14517 
1 7 1766 1771 1760 1770 9332 9337 9331 
1 4 1766 1773 1753 54 
1 4 1766 1763 957 967 
1 12 1766 1773 1753 54 1758 56 1800 1796 1802 2060 2057 2079 
1 4 1778 1106 1297 1302 
1 3 1778 1107 2021 
1 5 1793 1003 1009 1281 1269 
1 6 1793 1003 1013 2089 2087 2090 
1 4 1800 1796 1033 1029 
1 6 1800 1796 1802 2060 2057 2079 
1 4 1805 1807 1587 1578 
1 3 1805 2253 2255 
1 5 1827 1824 1828 1818 1445 
1 9 1827 1816 1821 1745 264 256 261 257 2242 
1 13 1841 572 562 548 575 564 552 571 560 2128 2140 2131 2135 
1 6 1841 550 1721 1699 1720 1702 
1 2 1846 33 
1 3 1846 36 1611 
1 4 1846 32 34 1370 
1 5 1846 1847 2257 2253 2255 
1 5 1857 1860 1856 654 646 
1 4 1857 1862 1858 1496 
1 7 1857 1860 140 146 649 1975 1971 
1 3 1866 1870 2040 
1 3 1894 1892 660 
1 6 1894 1892 660 1295 1293 1662 
1 3 1894 1592 1893 
1 3 1893 1592 1894 
1 8 1893 1894 1892 660 1293 1662 659 657 
1 3 1893 1180 1593 
1 2 1893 1176 
1 3 1900 1897 729 
1 4 1900 1901 1904 1899 
1 4 1899 1904 1901 1900 
1 6 1899 450 449 1100 1092 14733 
1 4 1899 450 449 1089 
1 8 1899 1898 1905 1873 1864 1876 1870 2040 
1 10 1899 1898 1905 727 732 722 731 726 2147 2153 
1 7 1919 1922 1913 1645 1650 1644 1655 
1 10 1919 1922 1913 1645 1650 1644 1655 1644 1659 1653 
1 5 1919 1922 1907 1913 1921 
1 5 1921 1913 1907 1922 1919 
1 8 1921 1913 1907 1912 1099 1093 1092 14733 
1 5 1921 87 85 83 80 
1 8 1948 1335 1329 1639 1638 1640 1633 1641 
1 7 1955 1966 1952 370 361 369 2102 
1 4 1971 1974 1969 1475 
1 8 1971 1969 1981 1977 1968 1970 2256 2255 
1 7 1971 1975 649 146 140 1860 1857 
1 9 1983 1987 1982 1990 1985 1154 1155 771 1160 
1 4 1983 14557 14553 14556 
1 11 2002 1996 2010 770 766 773 763 777 765 768 775 
1 7 2002 1999 1192 1217 1188 1215 1190 
1 4 2021 2016 1103 1105 
1 5 2021 2016 37 40 2033 
1 3 2021 1107 1778 
1 2 2025 282 
1 7 2025 2026 2137 2132 2140 2131 2135 
1 2 2033 621 
1 3 2033 40 37 
1 12 2033 40 1104 1103 1107 631 1782 632 629 1780 1775 724 
1 6 2033 40 38 42 41 891 
1 5 2033 40 37 2016 2021 
1 3 2036 1606 392 
1 2 2036 2039 
1 2 2039 2036 
1 3 2039 2037 1601 
1 7 2039 2036 1606 1600 576 586 580 
1 5 2039 1607 1598 1608 1602 
1 3 2040 2046 628 
1 3 2040 1870 1866 
1 8 2040 1870 1876 1864 1873 1905 1898 1899 
1 10 2050 2048 1675 2229 2232 2247 2235 2241 2233 2242 
1 5 2050 2048 1675 2229 1674 
1 9 2058 670 710 663 697 668 714 707 686 
1 4 2058 670 2059 2079 
1 6 2079 2057 2060 1802 1796 1800 
1 12 2079 2057 2060 1802 1796 1800 56 1758 54 1753 1773 1766 
1 4 2079 2059 670 2058 
1 5 2090 2091 1007 2176 2184 
1 6 2090 2087 2089 1013 1003 1793 
1 3 2090 2087 1741 
1 4 2102 369 374 363 
1 7 2102 369 361 370 1952 1966 1955 
1 9 2102 2104 1617 1619 333 328 337 2116 2119 
1 4 2119 2122 2124 593 
1 6 2119 2116 337 328 333 1619 
1 9 2119 2116 337 328 333 1619 1617 2104 2102 
1 6 2119 2120 2127 2180 2188 2184 
1 5 2135 2141 1383 1379 1376 
1 12 2135 2141 1383 1377 1375 310 307 773 763 776 769 1160 
1 9 2135 565 1340 1356 1352 1338 1360 1403 1392 
1 7 2135 2131 2140 2132 2137 2026 2025 
1 13 2135 2131 2140 2128 560 571 552 564 575 548 562 572 1841 
1 4 2149 2145 2143 2153 
1 4 2153 2143 2145 2149 
1 5 2153 2147 2155 725 724 
1 10 2153 2147 726 731 722 732 727 1905 1898 1899 
1 4 2159 2160 721 715 
1 5 2159 2157 2163 2162 95 
1 6 2159 2160 2158 1458 1455 1459 
1 18 2159 2160 721 715 718 1853 1848 1854 1850 617 603 614 1851 8062 8053 8000 8003 8001 
1 8 2173 2174 2166 1687 1694 1690 1689 1691 
1 4 2173 2167 456 453 
1 9 2184 2179 2175 2185 1789 1791 594 83 80 
1 4 2184 2187 2175 1010 
1 5 2184 2176 1007 2091 2090 
1 6 2184 2188 2180 2127 2120 2119 
1 3 2191 2194 2192 
1 3 2192 2194 2191 
1 12 2192 2191 1628 1630 640 645 634 1626 1631 223 227 14969 
1 6 2192 2194 636 640 1630 1628 
1 6 2192 2189 2193 1058 1066 1051 
1 5 2216 2200 2248 2243 2242 
1 4 2217 2218 2220 1018 
1 4 2217 2218 2226 2242 
1 2 2242 257 
1 9 2242 257 261 256 264 1745 1821 1816 1827 
1 4 2242 2226 2218 2217 
1 10 2242 2233 2241 2235 2247 2232 2229 1675 2048 2050 
1 5 2242 2243 2248 2200 2216 
1 3 2255 1384 1386 
1 8 2255 2253 2257 1847 1846 33 36 1611 
1 8 2255 2256 1970 1968 1977 1981 1969 1971 
1 3 2255 2253 1805 
1 5 2255 2253 2257 1847 1846 
1 21 2255 2256 1970 1979 1972 1980 649 653 153 144 141 151 147 139 135 133 2285 2284 2277 2278 2276 
1 2 2258 2265 
1 2 2265 2258 
1 29 2265 2259 1168 1169 1173 1171 797 1749 1752 1750 1679 1682 1681 1680 1634 1678 12853 12914 12901 12850 12910 12905 12912 12851 12848 12847 14920 14518 14512 
1 4 2265 2262 1166 1172 
1 6 2265 2262 1166 1165 1424 1425 
1 5 2276 2273 2279 2287 138 
1 5 2276 2269 2281 1046 1040 
1 21 2276 2278 2277 2284 2285 133 135 139 147 151 141 144 153 653 649 1980 1972 1979 1970 2256 2255 
1 4 2292 3941 3939 3943 
1 3 2420 2434 2436 
1 3 2436 2434 2420 
1 6 2436 2432 4739 4743 4730 4742 
1 6 2444 4589 3698 4586 4583 4584 
1 2 2514 14793 
1 4 2514 4579 3638 14961 
1 3 2569 3163 3159 
1 11 2569 2575 2574 2577 2871 2841 2871 2898 2865 2858 2893 
1 2 2582 14631 
1 3 2592 4716 4717 
1 2 2610 4584 
1 3 2618 2619 3152 
1 4 2611 2619 3153 3152 
1 4 2648 2630 2635 2644 
1 4 2644 2635 2630 2648 
1 3 2644 2675 2692 
1 2 2689 14966 
1 3 2692 2675 2644 
1 5 2692 2676 2696 2689 14966 
1 4 2718 2715 3403 3397 
1 3 2718 2717 2721 
1 3 2721 2717 2718 
1 6 2721 2717 3388 3384 3265 3261 
1 2 2726 2722 
1 2 2722 2726 
1 2 2722 3694 
1 2 2734 2737 
1 3 2737 3578 3575 
1 2 2737 2734 
1 4 2753 2757 3577 3575 
1 3 2759 4352 4362 
1 3 2787 2793 2812 
1 3 2812 2793 2787 
1 5 2812 2799 2831 2827 2833 
1 2 2815 14799 
1 4 2815 2822 2591 4673 
1 4 2818 2825 2814 14798 
1 5 2833 2827 2831 2799 2812 
1 3 2833 2830 2832 
1 10 2833 2827 2831 2794 2788 2811 2789 2801 2813 4562 
1 3 2832 2830 2833 
1 4 2832 4436 4423 4433 
1 11 2893 2858 2865 2898 2871 2841 2871 2577 2574 2575 2569 
1 3 2909 3023 4143 
1 2 2962 2964 
1 2 2964 2962 
1 5 2964 2961 3769 3784 3819 
1 4 2969 3667 2966 3694 
1 2 3026 3024 
1 2 3024 3026 
1 3 3024 3021 4143 
1 3 3031 4758 3750 
1 2 3040 14968 
1 2 3036 3946 
1 3 3093 3102 3109 
1 2 3103 14631 
1 3 3109 3102 3093 
1 4 3109 3114 3111 4491 
1 5 3152 2619 2618 4492 4488 
1 3 3152 2619 2618 
1 4 3152 3153 2619 2611 
1 3 3154 4578 4580 
1 3 3159 3163 2569 
1 2 3159 4514 
1 9 3193 3196 3181 3775 3799 3777 3812 3781 3819 
1 9 3248 3243 3942 2716 3391 3403 3390 3389 3396 
1 4 3248 3940 3939 3943 
1 2 3263 3261 
1 2 3261 3263 
1 6 3261 3265 3384 3388 2717 2721 
1 6 3261 3260 2723 2732 2722 3694 
1 4 3261 3263 3259 14774 
1 2 3300 3695 
1 2 3300 3299 
1 4 3299 3352 3361 3348 
1 2 3299 3300 
1 4 3348 3355 3359 3353 
1 4 3348 3361 3352 3299 
1 4 3353 3359 3355 3348 
1 3 3353 3346 4365 
1 6 3383 2294 2300 4431 4425 4433 
1 4 3397 3403 2715 2718 
1 9 3396 3389 3390 3403 3391 2716 3942 3243 3248 
1 6 3512 3741 3755 3760 3749 3756 
1 6 3530 2753 2760 2757 3577 3575 
1 4 3575 3577 2757 2753 
1 6 3575 3577 2757 2760 2753 3530 
1 3 3575 3578 2737 
1 5 3575 2735 2737 2736 4514 
1 6 3582 3580 3579 3583 4445 4443 
1 2 3582 14798 
1 4 3586 4447 4444 4443 
1 2 3597 3596 
1 2 3596 3597 
1 2 3596 8807 
1 7 3600 3246 3242 3257 3252 2610 4584 
1 2 3639 3638 
1 2 3638 3639 
1 2 3638 14961 
1 7 3660 3654 3347 3354 3353 3346 4365 
1 2 3695 3300 
1 4 3694 2966 3667 2969 
1 6 3694 2722 2732 2723 3260 3261 
1 2 3694 2722 
1 5 3694 3697 3695 3300 4365 
1 5 3706 3717 3708 4041 4032 
1 5 3756 3749 3746 4043 4048 
1 6 3756 3749 3760 3755 3741 3512 
1 3 3750 4758 3031 
1 5 3750 4758 4767 4761 14851 
1 3 3770 3785 3819 
1 3 3819 3785 3770 
1 13 3819 3784 3820 3769 2961 2964 2962 4699 4713 4709 4714 4711 4316 
1 5 3819 3784 3769 2961 2964 
1 9 3819 3781 3812 3777 3799 3775 3181 3196 3193 
1 4 3943 3939 3941 2292 
1 4 3943 3939 3940 3248 
1 8 3943 3939 3941 3256 3244 3252 2610 4584 
1 2 3946 4717 
1 2 3946 3036 
1 2 3946 4717 
1 5 3946 3036 3035 3040 14968 
1 5 4048 4043 3746 3749 3756 
1 5 4048 4040 4050 4045 14526 
1 5 4032 4041 3708 3717 3706 
1 5 4032 4041 3708 4035 4433 
1 3 4140 4151 4143 
1 3 4143 4151 4140 
1 6 4143 3021 3024 3026 4448 4442 
1 3 4143 3023 2909 
1 3 4143 3021 3024 
1 12 4182 4242 4191 4207 4195 4226 4244 4213 4353 4361 4351 4358 
1 2 4316 4711 
1 2 4316 4318 
1 13 4316 4711 4714 4709 4713 4699 2962 2964 2961 3769 3820 3784 3819 
1 2 4318 4316 
1 12 4318 4324 4309 4321 4320 2674 2687 4506 4487 4486 4505 4503 
1 7 4318 4324 4311 4325 4315 2689 14966 
1 14 4338 4336 4241 4210 4181 4193 4230 4199 4236 4359 4349 4363 4357 4362 
1 3 4358 14684 14689 
1 5 4358 4351 2743 2746 2740 
1 12 4358 4351 4361 4353 4213 4244 4226 4195 4207 4191 4242 4182 
1 3 4362 4352 2759 
1 14 4362 4357 4363 4349 4359 4236 4199 4230 4193 4181 4210 4241 4336 4338 
1 4 4362 4357 4356 14981 
1 3 4365 3346 3353 
1 7 4365 3346 3353 3354 3347 3654 3660 
1 5 4365 3300 3695 3697 3694 
1 8 4433 4035 4041 4037 4049 4033 4045 14526 
1 6 4433 4425 4431 2300 2294 3383 
1 4 4433 4423 4436 2832 
1 5 4433 4035 3708 4041 4032 
1 6 4442 4448 3026 3024 3021 4143 
1 3 4442 4444 4443 
1 6 4443 4445 3583 3579 3580 3582 
1 3 4443 4444 4442 
1 4 4443 4444 4447 3586 
1 4 4483 4486 4505 4503 
1 5 4488 4492 2618 2619 3152 
1 2 4488 14634 
1 5 4491 4489 3105 3116 14634 
1 4 4491 3111 3114 3109 
1 6 4491 4490 2620 4736 4754 4742 
1 12 4503 4505 4486 4487 4506 2687 2674 4320 4321 4309 4324 4318 
1 4 4503 4505 4486 4483 
1 2 4508 4584 
1 5 4514 2736 2737 2735 3575 
1 2 4514 3159 
1 7 4514 3159 3163 3160 4592 4600 4601 
1 2 4552 13508 
1 4 4552 4570 4550 4562 
1 4 4562 4550 4570 4552 
1 10 4562 2813 2801 2789 2811 2788 2794 2831 2827 2833 
1 3 4580 4578 3154 
1 2 4580 4575 
1 2 4575 4580 
1 4 4575 4581 3638 14961 
1 4 4575 4579 2514 14793 
1 6 4584 4583 4586 3698 4589 2444 
1 2 4584 2610 
1 2 4584 4508 
1 7 4584 2610 3252 3257 3242 3246 3600 
1 8 4584 2610 3252 3244 3256 3941 3939 3943 
1 7 4601 4600 4592 3160 3163 3159 4514 
1 4 4673 2591 2822 2815 
1 2 4692 4691 
1 2 4691 4692 
1 4 4691 3038 3040 14968 
1 5 4691 6436 6450 6467 6444 
1 2 4711 4316 
1 10 4702 4314 4326 4309 4324 4311 4325 4315 2689 14966 
1 3 4717 4716 2592 
1 2 4717 3946 
1 2 4717 14799 
1 2 4717 3946 
1 4 4746 4734 4755 4742 
1 4 4742 4755 4734 4746 
1 6 4742 4730 4743 4739 2432 2436 
1 6 4742 4754 4736 2620 4490 4491 
1 2 4765 14996 
1 3 4762 4761 14851 
1 4 5807 5827 5810 5821 
1 4 5821 5810 5827 5807 
1 3 5821 8816 8812 
1 9 5821 8816 8820 8810 8817 8823 8809 6405 6408 
1 3 5917 5927 8436 
1 3 5913 7803 7809 
1 3 6007 7512 7516 
1 2 6085 6080 
1 2 6080 6085 
1 4 6080 7741 7721 7725 
1 7 6080 7727 6083 6086 6082 6088 7612 
1 4 6149 6133 8228 8221 
1 6 6136 6145 7515 7518 7514 7516 
1 2 6407 6408 
1 2 6408 6407 
1 5 6408 6399 8232 8230 8231 
1 9 6408 6405 8809 8823 8817 8810 8820 8816 5821 
1 5 6429 5 7 8 12 
1 3 6429 5 7 
1 9 6429 21 9 15 804 801 810 803 817 
1 7 6429 6411 6427 6415 6426 6416 6421 
1 7 6421 6416 6426 6415 6427 6411 6429 
1 4 6421 8063 8054 8056 
1 2 6452 6444 
1 2 6444 6452 
1 5 6444 6467 6450 6436 4691 
1 3 6620 7562 7561 
1 4 6989 6998 7007 6983 
1 4 6983 7007 6998 6989 
1 10 6983 7007 8428 8424 8435 8416 8433 5912 5927 8436 
1 2 7138 14755 
1 7 7138 7148 7133 5930 5915 5931 8417 
1 2 7126 8233 
1 4 7260 7265 7281 7257 
1 4 7257 7281 7265 7260 
1 8 7257 7285 7270 7286 7262 8002 8003 8001 
1 2 7366 14755 
1 3 7371 7372 8233 
1 6 7516 7514 7518 7515 6145 6136 
1 3 7516 7512 6007 
1 7 7516 7509 8241 8250 8240 8247 8380 
1 5 7566 7569 7573 7563 8223 
1 4 7561 7572 8227 8223 
1 3 7561 7562 6620 
1 7 7612 6088 6082 6086 6083 7727 6080 
1 3 7612 7617 7615 
1 3 7615 7617 7612 
1 11 7615 7617 7612 6088 7720 7772 7722 7773 7742 7731 7735 
1 4 7725 7721 7741 6080 
1 11 7735 7731 7742 7744 7722 7772 7720 6088 7612 7617 7615 
1 2 7806 14755 
1 10 7809 6442 6457 6435 6458 6453 6449 5917 5927 8436 
1 3 7809 7803 5913 
1 4 7809 7808 7806 14755 
1 3 7846 7854 8221 
1 18 8001 8003 8000 8053 8062 1851 614 1851 617 1850 1854 1848 1853 718 715 721 2160 2159 
1 8 8001 8003 8002 7262 7286 7270 7285 7257 
1 5 8001 7998 8053 8062 8056 
1 12 8056 8054 8055 6410 1 3 7 8 19 9 20 15 
1 4 8056 8059 4 1423 
1 3 8056 8062 1849 
1 4 8056 8054 8063 6421 
1 5 8056 8062 8053 7998 8001 
1 5 8223 7563 7573 7569 7566 
1 4 8223 8227 7572 7561 
1 4 8223 8229 8226 8221 
1 4 8221 8228 6133 6149 
1 4 8221 8226 8229 8223 
1 3 8221 7854 7846 
1 8 8221 7854 7846 7853 8244 8239 8247 8246 
1 5 8231 8230 8232 6399 6408 
1 7 8231 8230 8232 6399 6407 6404 8807 
1 3 8231 14795 14793 
1 2 8233 7126 
1 3 8233 7372 7371 
1 7 8233 7372 7367 7375 8231 14795 14793 
1 8 8246 8247 8239 8244 7853 7846 7854 8221 
1 3 8246 8247 8380 
1 7 8380 8247 8240 8250 8241 7509 7516 
1 3 8380 8247 8246 
1 3 8436 5927 5917 
1 4 8436 14391 8436 14391 
1 10 8436 5927 5912 8433 8416 8435 8424 8428 7007 6983 
1 10 8436 5927 5917 6449 6453 6458 6435 6457 6442 7809 
1 7 8417 5931 5915 5930 7133 7148 7138 
1 3 8613 8621 1307 
1 3 8812 8816 5821 
1 7 8807 6404 6407 6399 8232 8230 8231 
1 2 8807 3596 
1 2 8853 9472 
1 3 8850 8853 9472 
1 7 9331 9337 9332 1770 1760 1771 1766 
1 4 9331 9339 9330 9338 
1 4 9338 9330 9339 9331 
1 3 9338 9927 9924 
1 2 9472 8853 
1 3 9472 8853 8850 
1 5 9472 9468 9470 9469 10015 
1 2 9469 10015 
1 4 9480 9481 9997 10004 
1 5 9645 9633 9483 10012 10015 
1 3 9926 9919 10676 
1 10 9926 9920 9929 9924 9928 10666 1772 10668 10724 10720 
1 6 9924 9929 9922 9923 9931 10676 
1 3 9924 9927 9338 
1 3 10000 9995 10017 
1 7 10000 9995 9999 10019 10018 10021 10016 
1 5 10004 9994 10023 9999 10017 
1 4 10004 9997 9481 9480 
1 7 10011 10010 10008 9992 10000 9995 10017 
1 4 10011 10007 10009 10015 
1 4 10015 10009 10007 10011 
1 5 10015 9469 9470 9468 9472 
1 2 10015 9469 
1 5 10015 10012 9483 9633 9645 
1 7 10017 9995 10000 9992 10008 10010 10011 
1 3 10017 9995 10000 
1 5 10017 9999 10023 9994 10004 
1 10 10017 9999 10023 9994 10020 10024 10443 10468 10441 10467 
1 3 10016 10458 10442 
1 7 10016 10021 10018 10019 9999 9995 10000 
1 3 10442 10458 10016 
1 10 10467 10441 10468 10443 10024 10020 9994 10023 9999 10017 
1 2 10497 1544 
1 10 10480 10488 10497 1544 1576 1552 185 157 196 168 
1 4 10480 10488 10497 1544 
1 3 10676 9919 9926 
1 6 10676 9931 9923 9922 9929 9924 
1 10 10678 10667 10680 10719 10728 10718 10729 10723 9643 1547 
1 3 10678 10684 10720 
1 10 10720 10724 10668 1772 10666 9928 9924 9929 9920 9926 
1 3 10720 10684 10678 
1 3 12828 12827 12998 
1 2 12838 12832 
1 2 12832 12838 
1 5 12832 12837 12833 12921 12916 
1 3 12840 12845 12977 
1 4 12848 12912 12908 12902 
1 4 12852 12856 12941 12865 
1 4 12865 12941 12856 12852 
1 3 12865 12939 12942 
1 3 12872 12875 12942 
1 10 12873 12880 12871 12876 12991 12996 13032 13029 13019 13034 
1 4 12873 12880 12874 12942 
1 2 12891 14049 
1 4 12891 14049 14048 14050 
1 2 12891 12890 
1 2 12890 12891 
1 7 12890 12891 12885 12893 13009 13013 13010 
1 4 12902 12908 12912 12848 
1 3 12902 12906 12903 
1 3 12903 12906 12902 
1 7 12903 12844 12842 12840 13003 12845 12977 
1 3 12903 13005 13006 
1 3 12918 12921 12916 
1 3 12916 12921 12918 
1 5 12916 12833 12836 13011 13010 
1 5 12916 12921 12833 12837 12832 
1 2 12929 13040 
1 2 12925 12936 
1 5 12936 12934 12937 13013 13010 
1 8 12936 12925 12933 12925 12923 12924 12929 13040 
1 2 12936 12925 
1 2 12940 12942 
1 7 12940 12942 12939 12865 12864 13004 13006 
1 2 12942 12940 
1 3 12942 12875 12872 
1 4 12942 12874 12880 12873 
1 3 12942 12939 12865 
1 6 12942 12875 12872 12946 12956 14813 
1 2 12948 14728 
1 4 12944 12954 12951 14728 
1 3 12963 13039 13040 
1 2 12972 12971 
1 2 12971 12972 
1 6 12971 12972 12931 12924 12929 13040 
1 4 12976 13041 13040 13045 
1 3 12977 12845 12840 
1 7 12977 13007 13003 12840 12842 12844 12903 
1 6 12988 12995 12982 12997 13022 13034 
1 2 12999 12998 
1 2 12998 12999 
1 3 12998 12827 12828 
1 5 12998 12843 12844 13005 13006 
1 6 12998 12827 12828 12829 14807 14979 
1 7 13006 13004 12864 12865 12939 12942 12940 
1 5 13006 13005 12844 12843 12998 
1 3 13006 13005 12903 
1 5 13010 13011 12836 12833 12916 
1 5 13010 13013 12937 12934 12936 
1 7 13010 13013 13009 12893 12885 12891 12890 
1 5 13026 13024 13037 13023 13034 
1 5 13034 13023 13037 13024 13026 
1 10 13034 13019 13029 13032 12996 12991 12876 12871 12880 12873 
1 6 13034 13022 12997 12982 12995 12988 
1 4 13045 13040 13041 12976 
1 2 13045 13040 
1 2 13040 12929 
1 2 13040 13045 
1 8 13040 12929 12924 12923 12925 12933 12925 12936 
1 6 13040 12929 12924 12931 12972 12971 
1 3 13040 13039 12963 
1 2 13046 14821 
1 6 13431 13426 13420 13422 13430 13425 
1 6 13425 13430 13422 13420 13426 13431 
1 4 13425 13482 13479 13483 
1 2 13444 14737 
1 4 13442 13438 13444 14737 
1 5 13446 13490 13491 13489 13492 
1 4 13451 13565 13569 13567 
1 4 13451 13458 13600 13595 
1 3 13447 13454 13471 
1 3 13471 13454 13447 
1 3 13471 13468 13486 
1 2 13475 13548 
1 3 13483 13481 13478 
1 4 13483 13479 13482 13425 
1 3 13478 13481 13483 
1 4 13486 13485 13487 13560 
1 3 13486 13468 13471 
1 2 13492 13493 
1 5 13492 13489 13491 13490 13446 
1 2 13493 13492 
1 3 13493 13497 13496 
1 3 13496 13497 13493 
1 2 13508 4552 
1 3 13508 13502 13529 
1 7 13511 13513 13507 13500 13510 13444 14737 
1 3 13529 13502 13508 
1 3 13528 13587 13590 
1 3 13537 13551 13610 
1 4 13548 13475 13476 13552 
1 2 13548 13475 
1 3 13543 13551 13610 
1 4 13552 13476 13475 13548 
1 2 13552 13556 
1 2 13556 13552 
1 7 13556 13552 13557 13608 13599 13605 13595 
1 4 13556 13555 13553 13612 
1 3 13560 13588 13590 
1 4 13560 13487 13485 13486 
1 4 13567 13569 13565 13451 
1 3 13572 13580 13595 
1 3 13590 13588 13560 
1 3 13590 13587 13528 
1 4 13590 13614 13615 13612 
1 3 13594 13605 13595 
1 3 13595 13605 13594 
1 4 13595 13600 13458 13451 
1 7 13595 13605 13599 13608 13557 13552 13556 
1 3 13595 13580 13572 
1 3 13610 13551 13537 
1 3 13610 13551 13543 
1 4 13612 13553 13555 13556 
1 4 13612 13615 13614 13590 
1 2 13845 13846 
1 16 13845 13846 13903 13901 6441 6437 4692 3037 3036 3946 4717 4716 2815 14799 14847 14846 
1 2 13846 13845 
1 3 13846 13903 13901 
1 2 13848 13850 
1 2 13850 13848 
1 3 13850 13898 13894 
1 3 13879 13873 13882 
1 3 13882 13873 13879 
1 5 13882 13876 13877 13885 13884 
1 5 13884 13885 13849 13902 13900 
1 5 13884 13885 13877 13876 13882 
1 3 13895 13892 14913 
1 2 13895 13894 
1 2 13894 13895 
1 7 13894 13898 13850 13848 13855 13852 13900 
1 3 13894 13898 13850 
1 2 13901 13900 
1 3 13901 13903 13846 
1 2 13900 13901 
1 7 13900 13852 13855 13848 13850 13898 13894 
1 5 13900 13902 13849 13885 13884 
1 3 13927 13924 13950 
1 4 13928 13960 13957 13956 
1 2 13930 13941 
1 4 13929 13931 13933 13945 
1 3 13937 13934 13946 
1 2 13935 13946 
1 2 13941 13930 
1 5 13945 13943 13961 13958 13956 
1 4 13945 13933 13931 13929 
1 3 13946 13939 13937 
1 3 13946 14017 14010 
1 2 13946 13935 
1 4 13946 14013 14017 14010 
1 3 13954 13955 13950 
1 3 13950 13924 13927 
1 3 13950 13955 13954 
1 6 13950 13926 13924 13927 14739 14737 
1 2 13957 13956 
1 2 13956 13957 
1 5 13956 13958 13961 13943 13945 
1 4 13956 13959 13962 13964 
1 4 13956 13957 13960 13928 
1 2 13966 13964 
1 2 13964 13966 
1 26 13964 13966 13965 13928 13923 13947 13953 4442 4444 4447 3586 3580 3582 3585 2814 2825 2817 2826 2815 14799 14847 14846 14619 14626 14625 14624 
1 4 13964 13962 13959 13956 
1 2 13984 13983 
1 4 13983 13992 13986 13988 
1 2 13983 13984 
1 4 13988 13986 13992 13983 
1 2 13988 13987 
1 2 13987 13988 
1 2 13994 14019 
1 6 13994 14019 14009 13997 14026 14027 
1 2 13994 14019 
1 3 14006 13996 14010 
1 4 14007 14008 14023 14022 
1 4 14011 14013 14017 14010 
1 3 14010 13996 14006 
1 3 14010 14017 13946 
1 4 14010 14017 14013 14011 
1 4 14010 14017 14013 13946 
1 2 14019 13994 
1 4 14019 14009 13997 14026 
1 2 14019 13994 
1 2 14020 14021 
1 2 14021 14020 
1 2 14021 14027 
1 3 14021 14020 14789 
1 4 14022 14023 14008 14007 
1 4 14022 14024 14028 14027 
1 2 14026 14027 
1 4 14026 13997 14009 14019 
1 2 14027 14026 
1 4 14027 14028 14024 14022 
1 6 14027 14026 13997 14009 14019 13994 
1 2 14027 14021 
1 3 14039 14032 14043 
1 3 14043 14032 14039 
1 5 14043 14031 14051 14047 14050 
1 2 14049 12891 
1 8 14049 14048 14050 14047 14045 14040 14033 14054 
1 4 14050 14048 14049 12891 
1 5 14050 14047 14051 14031 14043 
1 2 14053 14054 
1 2 14054 14053 
1 8 14054 14033 14040 14045 14047 14050 14048 14049 
1 2 14157 14665 
1 2 14157 14665 
1 3 14164 14185 14182 
1 5 14165 14161 14164 14185 14182 
1 4 14168 14179 14174 14176 
1 7 14168 14179 14173 14177 14181 14180 14182 
1 2 14170 14169 
1 2 14169 14170 
1 5 14169 14175 14179 14174 14176 
1 5 14176 14174 14179 14175 14169 
1 4 14176 14174 14179 14168 
1 4 14176 14177 14181 14180 
1 4 14180 14181 14177 14176 
1 2 14180 14182 
1 3 14182 14185 14164 
1 2 14182 14180 
1 5 14182 14185 14164 14161 14165 
1 7 14182 14180 14181 14177 14173 14179 14168 
1 2 14224 14223 
1 2 14223 14224 
1 4 14223 14227 14229 14851 
1 3 14223 14224 14880 
1 2 14225 14228 
1 2 14228 14225 
1 13 14228 14236 14239 14232 14241 14233 14245 14235 14157 14665 14662 14663 14666 
1 4 14228 14225 14229 14851 
1 4 14241 14233 14245 14235 
1 4 14235 14245 14233 14241 
1 7 14235 14245 14233 14241 14237 14662 14665 
1 7 14235 14234 14697 14692 14696 14691 14695 
1 2 14447 14902 
1 2 14446 14902 
1 5 14514 14509 14513 14510 14512 
1 5 14512 14510 14513 14509 14514 
1 3 14512 14518 14517 
1 29 14512 14518 14920 12847 12848 12851 12912 12905 12910 12850 12901 12914 12853 1678 1634 1680 1681 1682 1679 1750 1752 1749 797 1171 1173 1169 1168 2259 2265 
1 4 14512 14510 14515 14974 
1 3 14517 14518 14512 
1 20 14517 14518 14920 12847 12848 12851 12912 12905 12910 12850 12901 12914 12853 1678 1634 1680 1681 1682 1679 1751 
1 2 14520 14951 
1 4 14521 14525 14524 14523 
1 4 14523 14524 14525 14521 
1 2 14523 14951 
1 5 14526 4045 4050 4040 4048 
1 5 14526 14523 14524 14523 14951 
1 8 14526 4045 4033 4049 4037 4041 4035 4433 
1 3 14559 14550 14556 
1 3 14556 14550 14559 
1 8 14556 14553 14557 1983 1987 1594 1590 1593 
1 4 14556 14553 14557 1983 
1 3 14619 14626 14625 
1 26 14624 14625 14626 14619 14846 14847 14799 2815 2826 2817 2825 2814 3585 3582 3580 3586 4447 4444 4442 13953 13947 13923 13928 13965 13966 13964 
1 2 14624 14625 
1 2 14625 14624 
1 3 14625 14626 14619 
1 5 14625 14626 14619 14847 14846 
1 2 14634 4488 
1 5 14634 3116 3105 4489 4491 
1 5 14634 14629 14636 14630 14758 
1 2 14631 3103 
1 2 14631 2582 
1 5 14631 14637 14632 14630 14758 
1 2 14645 14926 
1 2 14646 14995 
1 2 14657 14965 
1 2 14662 14665 
1 3 14662 14663 14666 
1 2 14665 14157 
1 2 14665 14662 
1 7 14665 14662 14237 14241 14233 14245 14235 
1 2 14665 14157 
1 4 14665 14662 14661 14666 
1 4 14666 14661 14662 14665 
1 13 14666 14663 14662 14665 14157 14235 14245 14233 14241 14232 14239 14236 14228 
1 3 14666 14663 14662 
1 2 14688 14435 
1 2 14688 14985 
1 3 14689 14684 4358 
1 4 14689 14685 14690 14924 
1 7 14695 14691 14696 14692 14697 14234 14235 
1 2 14708 14956 
1 4 14722 14725 14722 14724 
1 2 14722 14844 
1 4 14724 14722 14725 14722 
1 2 14726 14728 
1 2 14727 14969 
1 2 14728 12948 
1 4 14728 12951 12954 12944 
1 2 14728 14726 
1 4 14728 14726 12950 14813 
1 2 14730 14732 
1 2 14730 14732 
1 2 14732 14730 
1 2 14732 14730 
1 2 14734 14461 
1 2 14734 14733 
1 2 14733 1092 
1 2 14733 14734 
1 6 14733 1092 1100 449 450 1899 
1 8 14733 1092 1093 1099 1912 1907 1913 1921 
1 2 14736 14935 
1 2 14737 13444 
1 7 14737 13444 13510 13500 13507 13513 13511 
1 4 14737 13444 13438 13442 
1 6 14737 14739 13927 13924 13926 13950 
1 2 14749 14904 
1 2 14753 14946 
1 2 14755 7138 
1 2 14755 7366 
1 5 14755 7366 7369 7376 14762 
1 2 14755 7806 
1 4 14755 7806 7808 7809 
1 2 14755 14756 
1 2 14756 14755 
1 4 14756 7369 14763 14762 
1 2 14760 14758 
1 5 14758 14630 14636 14629 14634 
1 2 14758 14760 
1 5 14758 14630 14632 14637 14631 
1 8 14758 14760 2590 2580 2588 3035 3040 14968 
1 2 14763 14762 
1 2 14762 14763 
1 5 14762 7376 7369 7366 14755 
1 4 14762 14763 7369 14756 
1 4 14774 3259 3263 3261 
1 2 14785 14787 
1 2 14787 14785 
1 3 14787 14786 14880 
1 2 14788 14789 
1 2 14789 14788 
1 3 14789 14020 14021 
1 2 14794 14793 
1 3 14793 14795 8231 
1 2 14793 14794 
1 2 14793 2514 
1 4 14793 2514 4579 4575 
1 7 14793 14795 8231 7375 7367 7372 8233 
1 2 14798 3582 
1 4 14798 2814 2825 2818 
1 2 14799 2815 
1 2 14799 4717 
1 3 14799 14847 14846 
1 2 14807 14979 
1 3 14806 14807 14979 
1 2 14813 225 
1 4 14813 12950 14726 14728 
1 6 14813 12956 12946 12872 12875 12942 
1 2 14813 14969 
1 2 14819 14966 
1 2 14820 14821 
1 2 14821 13046 
1 2 14821 14820 
1 2 14833 14982 
1 2 14845 14844 
1 2 14844 14722 
1 2 14844 14845 
1 3 14844 14845 14996 
1 2 14847 14846 
1 16 14846 14847 14799 2815 4716 4717 3946 3036 3037 4692 6437 6441 13901 13903 13846 13845 
1 2 14846 14847 
1 5 14846 14847 14619 14626 14625 
1 3 14846 14847 14799 
1 4 14851 14229 14227 14223 
1 4 14851 14229 14225 14228 
1 5 14851 4761 4767 4758 3750 
1 3 14851 4761 4762 
1 2 14853 14852 
1 2 14853 14994 
1 2 14852 14853 
1 2 14854 14855 
1 3 14855 14854 14855 
1 3 14855 14854 14855 
1 2 14855 14854 
1 3 14880 14224 14223 
1 3 14880 14786 14787 
1 2 14902 14447 
1 2 14902 14446 
1 2 14904 14905 
1 2 14904 14749 
1 2 14904 14905 
1 2 14905 14904 
1 2 14905 14904 
1 2 14920 14974 
1 2 14923 14924 
1 4 14924 14690 14685 14689 
1 5 14924 14690 14687 14688 14985 
1 2 14924 14923 
1 2 14924 14981 
1 2 14926 14645 
1 2 14935 14736 
1 2 14942 14191 
1 4 14942 14191 14192 14188 
1 2 14946 14753 
1 2 14951 14520 
1 2 14951 14523 
1 5 14951 14523 14524 14523 14526 
1 2 14956 14708 
1 2 14961 3638 
1 4 14961 3638 4581 4575 
1 4 14961 3638 4579 2514 
1 2 14965 14657 
1 2 14966 14819 
1 2 14966 2689 
1 5 14966 2689 2696 2676 2692 
1 7 14966 2689 4315 4325 4311 4324 4318 
1 10 14966 2689 4315 4325 4311 4324 4309 4326 4314 4702 
1 2 14968 3040 
1 4 14968 3040 3038 4691 
1 8 14968 3040 3035 2588 2580 2590 14760 14758 
1 5 14968 3040 3035 3036 3946 
1 5 14969 227 224 222 1635 
1 12 14969 227 223 1631 1626 634 645 640 1630 1628 2191 2192 
1 2 14969 14727 
1 2 14969 14813 
1 2 14974 14920 
1 4 14974 14515 14510 14512 
1 2 14979 14807 
1 6 14979 14807 12829 12828 12827 12998 
1 3 14979 14807 14806 
1 4 14981 4356 4357 4362 
1 2 14981 14924 
1 2 14982 14833 
1 2 14985 14435 
1 5 14985 14688 14687 14690 14924 
1 3 14985 14688 14435 
1 2 14985 14688 
1 2 14994 14853 
1 2 14995 14646 
1 2 14996 4765 
1 3 14996 14845 14844 
1 2 7404 6637 
1 5 8075 8089 6695 6691 6686 
1 4 6748 7080 7073 7069 
1 10 6748 6868 6862 5984 5978 8363 8367 8352 8358 8366 
1 4 53 51 49 8065 
1 4 477 475 1389 1388 
1 3 819 2251 2252 
1 3 867 1287 1288 
1 3 923 1532 1534 
1 5 996 820 824 1539 1538 
1 3 1079 1082 1134 
1 5 1122 6099 6094 6102 6092 
1 6 1134 474 470 476 471 1388 
1 3 1134 1082 1079 
1 9 1143 1151 1146 1145 1152 1147 2098 2092 2093 
1 3 1288 1287 867 
1 5 1288 1135 1139 1138 2093 
1 4 1388 1389 475 477 
1 6 1388 471 476 470 474 1134 
1 2 1388 2252 
1 2 1436 14986 
1 3 1431 1531 1526 
1 5 1431 1531 1535 1528 1534 
1 7 1431 933 928 935 927 931 2093 
1 2 1523 14992 
1 5 1522 1520 1527 1530 1534 
1 3 1522 1517 14894 
1 3 1526 1531 1431 
1 3 1534 1532 923 
1 5 1534 1528 1535 1531 1431 
1 5 1534 1530 1527 1520 1522 
1 6 1534 1532 923 926 929 2093 
1 5 1538 1539 824 820 996 
1 6 1538 7470 7455 1540 2250 2252 
1 2 1941 1936 
1 2 1936 1941 
1 5 1936 1941 1935 6827 6823 
1 10 1936 1941 1935 6827 8098 6823 1942 1932 6828 8065 
1 6 2093 929 926 923 1532 1534 
1 5 2093 1138 1139 1135 1288 
1 9 2093 2092 2098 1147 1152 1145 1146 1151 1143 
1 7 2093 931 927 935 928 933 1431 
1 6 2252 2250 1540 7455 7470 1538 
1 3 2252 2251 819 
1 2 2252 1388 
1 5 2252 1388 1389 6837 6844 
1 9 5781 7986 5791 5765 5790 5777 5945 5957 6351 
1 14 5781 6903 6892 6895 6891 6897 7027 7032 7041 7050 7030 7033 7035 6901 
1 2 5842 7013 
1 9 5842 5852 5833 8165 8154 8169 8160 8179 8496 
1 5 5886 5869 5864 5880 6512 
1 6 5865 5878 8687 8709 8694 8691 
1 4 5904 5900 5898 5910 
1 4 5910 5898 5900 5904 
1 6 5910 5898 5899 5902 5891 6231 
1 5 5935 5936 6979 6977 6981 
1 3 5939 8302 8300 
1 4 5968 7522 7521 7524 
1 2 5975 5974 
1 2 5974 5975 
1 2 5974 7590 
1 6 5974 7814 7824 7432 7429 8331 
1 10 5974 7812 7823 7821 7815 7818 7820 7825 7817 8710 
1 7 5984 6862 6868 6748 7080 7073 7069 
1 3 5999 5990 6001 
1 3 6001 5990 5999 
1 5 6001 6004 5995 6000 7414 
1 3 6035 14715 14716 
1 2 6021 7103 
1 5 6050 6060 6053 6058 6566 
1 3 6063 8506 8505 
1 3 6069 6067 6068 
1 3 6068 6067 6069 
1 4 6068 8276 8285 8280 
1 7 6068 8288 8283 8467 8468 8466 14848 
1 5 6073 7293 7301 7296 7305 
1 5 6092 6102 6094 6099 1122 
1 3 6092 7325 7322 
1 3 6109 6105 6108 
1 3 6108 6105 6109 
1 3 6108 6114 7627 
1 2 6108 14765 
1 3 6121 6908 6920 
1 3 6155 6154 7381 
1 4 6152 6151 6154 7381 
1 2 6165 14911 
1 2 6158 14881 
1 2 6166 6878 
1 5 6172 8220 8214 8219 8215 
1 5 6188 8826 8834 8837 8824 
1 3 6207 6949 6940 
1 5 6213 6211 8719 8713 8715 
1 6 6231 5891 5902 5899 5909 5910 
1 6 6231 6232 6226 6229 6235 6220 
1 6 6220 6235 6229 6226 6232 6231 
1 6 6220 6233 6236 6855 6875 6861 
1 4 6249 6245 8342 8344 
1 4 6260 6255 7221 7194 
1 3 6260 6256 6252 
1 3 6252 6256 6260 
1 4 6252 6253 6258 8605 
1 8 6271 6289 7987 7981 7985 8011 7984 7980 
1 9 6305 6300 6075 6077 6071 8676 8673 8675 8672 
1 6 6305 6307 8725 8731 8726 8732 
1 3 6329 6331 8672 
1 4 6334 6341 8253 8264 
1 9 6351 5957 5945 5777 5790 5765 5791 7986 5781 
1 5 6351 5944 5953 7864 7876 
1 11 6351 5944 5953 7864 7876 7863 7879 7867 8538 8537 8528 
1 5 6367 6373 6362 8560 8559 
1 4 6360 6368 7702 7699 
1 4 6476 6472 7553 7556 
1 4 6489 6490 6487 8215 
1 7 6495 8722 8727 8730 6306 6304 7633 
1 2 6495 8732 
1 2 6509 14361 
1 4 6509 14360 14353 14348 
1 5 6512 5880 5864 5869 5886 
1 6 6512 5880 5884 5862 5866 8012 
1 2 6521 7310 
1 3 6513 6521 7310 
1 3 6537 6529 6526 
1 3 6526 6529 6537 
1 5 6526 6539 6534 7315 7310 
1 4 6558 6547 6551 6545 
1 4 6545 6551 6547 6558 
1 3 6545 7858 7860 
1 5 6565 6045 6035 14715 14716 
1 5 6566 6058 6053 6060 6050 
1 3 6566 6573 8237 
1 5 6590 6605 6594 7295 7305 
1 3 6624 6622 7503 
1 2 6637 7404 
1 2 6637 8638 
1 4 6649 6671 6682 6659 
1 5 6648 6650 6653 6646 7661 
1 4 6659 6682 6671 6649 
1 2 6659 8345 
1 7 6670 6677 6669 6650 6653 6646 7661 
1 3 6686 6689 6965 
1 5 6686 6691 6695 8089 8075 
1 3 6699 6709 6731 
1 2 6715 8094 
1 3 6715 8094 8095 
1 3 6735 6737 6731 
1 3 6731 6737 6735 
1 5 6731 6709 6707 6762 6767 
1 3 6731 6709 6699 
1 2 6741 8643 
1 3 6741 6742 14561 
1 2 6741 8644 
1 5 6767 6762 6707 6709 6731 
1 6 6767 6755 6758 6112 6750 6759 
1 10 6767 6762 6707 6709 6731 6737 6735 6730 6738 7661 
1 6 6759 6750 6112 6758 6755 6767 
1 6 6759 6751 5937 6979 6977 6981 
1 5 6784 7478 7482 7500 7490 
1 4 6795 6174 6176 7655 
1 3 6820 6817 7524 
1 5 6823 6827 1935 1941 1936 
1 4 6823 1947 6828 8065 
1 5 6844 6837 1389 1388 2252 
1 2 6844 7459 
1 2 6855 6861 
1 2 6861 6855 
1 6 6861 6875 6855 6236 6233 6220 
1 8 6861 6870 6848 6852 6867 7080 7073 7069 
1 2 6878 6166 
1 6 6878 6877 5879 7345 7352 7335 
1 4 6878 6166 6168 7360 
1 14 6901 7035 7033 7030 7050 7041 7032 7027 6897 6891 6895 6892 6903 5781 
1 3 6920 6908 6121 
1 4 6920 6909 6928 6923 
1 4 6923 6928 6909 6920 
1 7 6923 6929 7885 7873 7883 7863 7876 
1 3 6930 7603 7599 
1 3 6940 6949 6207 
1 6 6940 6949 6199 6203 6196 8128 
1 4 6956 6953 7658 8672 
1 3 6965 6689 6686 
1 5 6965 6964 6962 6974 8088 
1 3 6972 8091 8088 
1 5 6981 6977 6979 5936 5935 
1 6 6981 6977 6979 5937 6751 6759 
1 3 6981 6978 8556 
1 2 7013 5842 
1 7 7013 6326 6332 6327 6329 6331 8672 
1 7 7039 7026 7019 8785 8794 8784 8772 
1 10 7034 7789 7793 7783 7787 7801 7791 7784 7663 7664 
1 3 7051 7626 7622 
1 2 7066 7054 
1 2 7054 7066 
1 3 7054 7066 8610 
1 6 7054 7066 8610 14611 14610 14874 
1 7 7069 7073 7080 6748 6868 6862 5984 
1 4 7069 7073 7080 6748 
1 8 7069 7073 7080 6867 6852 6848 6870 6861 
1 9 7069 7081 6746 6747 6745 8642 7405 6637 8638 
1 2 7103 6021 
1 4 7164 7167 8219 8215 
1 4 7171 7589 7182 7585 
1 4 7194 7221 6255 6260 
1 8 7212 7192 7208 7228 7188 7216 7227 8650 
1 5 7212 7193 7197 6258 8605 
1 7 7232 7244 7235 5968 7522 7521 7524 
1 4 7246 7253 8236 8237 
1 5 7305 7296 7301 7293 6073 
1 5 7305 7295 6594 6605 6590 
1 4 7305 7304 7294 7633 
1 2 7310 6521 
1 3 7310 6521 6513 
1 5 7310 7315 6534 6539 6526 
1 8 7310 6521 7055 7067 7054 7066 8610 8608 
1 3 7309 7314 7860 
1 3 7322 7325 6092 
1 4 7322 7330 7327 7535 
1 6 7335 7352 7345 5879 6877 6878 
1 4 7357 7859 7861 7860 
1 4 7360 6168 6166 6878 
1 6 7360 6169 8272 8270 8267 8268 
1 3 7381 6154 6155 
1 4 7381 6154 6151 6152 
1 4 7381 7380 8609 8608 
1 7 7385 7377 7383 7252 8234 8235 8237 
1 3 7385 7379 8608 
1 4 7392 7399 8835 8824 
1 4 7409 6494 6487 8215 
1 9 7409 6494 8215 8219 8214 8218 8830 8832 8824 
1 5 7414 6000 5995 6004 6001 
1 3 7414 6495 8732 
1 5 7422 7421 7420 8636 8635 
1 4 7422 7419 7962 7953 
1 2 7432 7665 
1 2 7459 6844 
1 2 7492 14911 
1 5 7490 7500 7482 7478 6784 
1 8 7490 5837 5845 5840 5851 7589 7182 7585 
1 3 7503 6622 6624 
1 4 7503 7505 7506 8437 
1 4 7524 7521 7522 5968 
1 3 7524 6817 6820 
1 7 7524 7521 7522 5968 7235 7244 7232 
1 2 7524 8275 
1 2 7532 14395 
1 4 7534 7529 7958 14395 
1 4 7535 7327 7330 7322 
1 7 7535 7328 7541 6826 6824 7323 8065 
1 3 7543 7907 7908 
1 4 7556 7553 6472 6476 
1 8 7556 7558 7552 5934 5933 5935 5936 8556 
1 4 7585 7182 7589 7171 
1 8 7585 7182 7589 5851 5840 5845 5837 7490 
1 7 7585 7179 8740 6489 6490 6487 8215 
1 2 7590 5974 
1 5 7590 7812 7823 8599 8605 
1 3 7599 7603 6930 
1 6 7599 7607 7602 7964 7968 7972 
1 3 7627 6114 6108 
1 4 7627 7631 7629 7622 
1 4 7622 7629 7631 7627 
1 3 7622 7626 7051 
1 4 7622 7623 8645 8644 
1 7 7633 6304 6306 8730 8727 8722 6495 
1 4 7633 7294 7304 7305 
1 4 7655 6176 6174 6795 
1 4 7655 7654 8297 8292 
1 10 7661 6738 6730 6735 6737 6731 6709 6707 6762 6767 
1 5 7661 6646 6653 6650 6648 
1 7 7661 6646 6653 6650 6669 6677 6670 
1 4 7664 7663 7798 7791 
1 10 7664 7663 7784 7791 7801 7787 7783 7793 7047 7034 
1 2 7664 7665 
1 12 7664 7663 7784 7791 7801 7787 7797 7795 8774 7800 8774 8786 
1 2 7665 7664 
1 2 7665 7432 
1 6 7672 7690 8346 8364 8357 8366 
1 4 7711 7697 7710 7699 
1 4 7699 7710 7697 7711 
1 4 7699 7702 6368 6360 
1 8 7699 7702 7709 7700 6201 6204 6205 8128 
1 7 7774 6120 7779 7775 7780 8721 8715 
1 4 7791 7798 7663 7664 
1 3 7795 8774 8786 
1 5 7816 7820 7825 7817 8710 
1 5 7830 7826 8147 8149 8143 
1 4 7830 7826 8147 8139 
1 2 7829 7922 
1 8 7829 7827 7830 7826 8145 8138 8147 8139 
1 3 7833 7052 8310 
1 4 7860 7861 7859 7357 
1 3 7860 7858 6545 
1 3 7860 7314 7309 
1 6 7860 7861 7856 7358 7355 7910 
1 5 7876 7864 5953 5944 6351 
1 7 7876 7863 7883 7873 7885 6929 6923 
1 6 7876 7863 7879 7867 8538 8528 
1 10 7900 7891 6059 6050 6060 6053 6058 6566 6573 8237 
1 3 7902 8273 8268 
1 3 7908 7907 7543 
1 3 7908 7912 8682 
1 7 7910 7909 7908 14289 14304 14313 14308 
1 6 7910 7355 7358 7856 7861 7860 
1 5 7910 7909 7908 7912 8682 
1 2 7922 7829 
1 4 7922 7829 7827 7914 
1 5 7922 7916 7921 8800 8798 
1 4 7914 7827 7829 7922 
1 6 7914 7827 7830 7826 8147 8139 
1 8 7944 7934 7949 7927 7941 7505 7506 8437 
1 2 7961 7953 
1 2 7953 7961 
1 4 7953 7962 7419 7422 
1 6 7953 7962 7956 8630 8636 8635 
1 6 7972 7968 7964 7602 7607 7599 
1 3 7972 8151 8139 
1 8 7980 7984 8011 7985 7981 7987 6289 6271 
1 7 7980 7984 8011 8018 8030 8022 8012 
1 6 8012 5866 5862 5884 5880 6512 
1 7 8012 8022 8030 8018 8011 7984 7980 
1 8 8012 5866 5874 5873 5888 5872 5867 8691 
1 4 8065 49 51 53 
1 10 8065 6828 1932 1942 6823 8098 6827 1935 1941 1936 
1 4 8065 6828 1947 6823 
1 7 8065 7323 6824 7323 7541 7328 7535 
1 5 8088 6974 6962 6964 6965 
1 3 8088 8091 6972 
1 8 8088 8083 8090 8799 8802 8801 8803 8798 
1 2 8094 6715 
1 3 8095 8094 6715 
1 2 8095 8408 
1 9 8121 6720 6716 8100 8110 7540 8640 8637 8638 
1 6 8128 6196 6203 6199 6949 6940 
1 8 8128 6205 6204 6201 7700 7709 7702 7699 
1 6 8128 6196 8133 8134 6957 8292 
1 5 8143 8149 8147 7826 7830 
1 4 8139 8147 7826 7830 
1 8 8139 8147 8138 8145 7826 7830 7827 7829 
1 6 8139 8147 7826 7830 7827 7914 
1 3 8139 8151 7972 
1 5 8154 8180 8160 8179 8496 
1 5 8215 8219 8214 8220 6172 
1 4 8215 6487 6490 6489 
1 4 8215 8219 7167 7164 
1 4 8215 6487 6494 7409 
1 7 8215 6487 6490 6489 8740 7179 7585 
1 6 8215 8214 8218 8830 8832 8824 
1 9 8215 6487 6494 6484 6491 8737 8739 8734 8736 
1 4 8237 8236 7253 7246 
1 3 8237 6573 6566 
1 7 8237 8235 8234 7252 7383 7377 7385 
1 10 8237 6573 6566 6058 6053 6060 6050 6059 6049 7900 
1 4 8264 8253 6341 6334 
1 10 8264 8253 8257 6346 6336 8720 8711 8718 8713 8715 
1 6 8268 8267 8270 8272 6169 7360 
1 3 8268 8273 7902 
1 6 8268 8273 7902 7906 7525 8275 
1 2 8275 7524 
1 2 8275 8344 
1 6 8275 7525 7906 7902 8273 8268 
1 4 8287 8469 8470 8461 
1 38 8280 8285 6070 8285 8276 8279 8467 8468 8466 8465 6030 6024 6023 7492 7486 7488 8490 8475 8489 8488 8481 8405 8392 8398 8401 8399 8095 8094 8099 6721 8093 1935 1925 1933 1929 1523 1525 14992 
1 4 8280 8285 8276 6068 
1 6 8292 6957 8134 8133 6196 8128 
1 4 8292 8297 7654 7655 
1 6 8292 8297 7654 7657 7658 8672 
1 3 8300 8302 5939 
1 4 8300 8301 8506 8505 
1 2 8304 14704 
1 2 8308 8684 
1 3 8310 7052 7833 
1 3 8310 6495 8732 
1 35 8321 8546 8533 8545 8537 8554 8540 8543 8262 6914 6915 6918 6916 6918 6915 6914 8262 8543 8540 8554 8532 8533 8553 8752 8756 8760 8451 8766 8441 8440 8459 8035 8050 8038 8039 
1 29 8321 8546 8533 8545 8537 8554 8540 8543 8262 6914 6915 6918 6916 6918 6915 6914 8262 8543 8540 8554 8532 8533 8553 8752 8756 8760 8451 8766 8441 
1 4 8321 8546 8527 8528 
1 6 8331 7429 7432 7824 7814 5974 
1 4 8344 8342 6245 6249 
1 5 8344 7901 7904 8631 8635 
1 2 8344 8275 
1 2 8345 6659 
1 8 8345 8355 8369 5980 8359 8361 8358 8366 
1 8 8366 8358 8361 8359 5980 8369 8355 8345 
1 10 8366 8358 8352 8367 8363 5978 5984 6862 6868 6748 
1 6 8366 8357 8364 8346 7690 7672 
1 5 8398 8412 8388 8399 8408 
1 5 8408 8399 8388 8412 8398 
1 2 8408 8095 
1 8 8437 7506 7505 7941 7927 7949 7934 7944 
1 4 8437 7506 7505 7503 
1 2 8437 8505 
1 4 8461 8470 8469 8287 
1 4 8461 8470 8466 14848 
1 4 8468 8470 8466 14848 
1 5 8489 8492 8479 8482 8496 
1 5 8496 8482 8479 8492 8489 
1 9 8496 8179 8160 8169 8154 8165 5833 5852 5842 
1 5 8496 8179 8160 8180 8154 
1 3 8505 8506 6063 
1 2 8505 8437 
1 6 8505 8507 6065 6063 6064 8710 
1 4 8505 8506 8301 8300 
1 11 8528 8537 8538 7867 7879 7863 7876 7864 5953 5944 6351 
1 6 8528 8538 7867 7879 7863 7876 
1 4 8528 8527 8546 8321 
1 3 8556 6978 6981 
1 8 8556 5936 5935 5933 5934 7552 7558 7556 
1 7 8556 7835 7833 7052 8310 6495 8732 
1 5 8559 8560 6362 6373 6367 
1 4 8559 8588 8567 8596 
1 6 8597 8580 8572 8595 8567 8596 
1 6 8596 8567 8595 8572 8580 8597 
1 9 8596 8567 8586 8558 8561 7390 8829 8835 8824 
1 4 8596 8567 8588 8559 
1 4 8605 6258 6253 6252 
1 5 8605 6258 7197 7193 7212 
1 5 8605 8599 7823 7812 7590 
1 12 8605 6258 7197 7193 7212 7192 7208 7228 7188 7216 7227 8650 
1 6 8605 8599 8606 8602 8604 8710 
1 3 8610 7066 7054 
1 2 8610 8608 
1 4 8608 8609 7380 7381 
1 8 8608 8610 7066 7054 7067 7055 6521 7310 
1 2 8608 8610 
1 3 8608 7379 7385 
1 5 8635 8636 7420 7421 7422 
1 6 8635 8636 7420 7956 7960 7953 
1 5 8635 8631 7904 7901 8344 
1 2 8638 6637 
1 9 8638 6637 7405 8642 6745 6747 6746 7081 7069 
1 9 8638 8637 8640 7540 8110 8100 6716 6720 8121 
1 2 8643 6741 
1 2 8643 8644 
1 2 8644 8643 
1 2 8644 6741 
1 4 8644 8645 7623 7622 
1 6 8644 7415 7414 6002 6000 8732 
1 3 8672 6331 6329 
1 9 8672 8675 8673 8676 6071 6077 6075 6300 6305 
1 4 8672 7658 6953 6956 
1 7 8672 6331 6329 6327 6332 6326 7013 
1 6 8672 7658 7657 7654 8297 8292 
1 10 8684 8681 8679 8683 13839 13844 13866 13865 13869 13904 
1 2 8684 8308 
1 5 8684 8681 8685 8680 8682 
1 8 8684 8681 8679 8683 13839 13844 13835 13868 
1 3 8682 7912 7908 
1 5 8682 8680 8685 8681 8684 
1 8 8682 8685 8684 8308 8305 8306 8304 14704 
1 5 8682 7912 7908 7909 7910 
1 16 8695 8701 5881 5863 5886 14357 6499 6511 6500 6497 6503 6496 6509 14360 14353 14348 
1 3 8695 8701 8691 
1 3 8691 8701 8695 
1 10 8691 8695 8699 7533 7530 7532 14389 14388 14397 14395 
1 6 8691 8694 8709 8687 5878 5865 
1 8 8691 5867 5872 5888 5873 5874 5866 8012 
1 10 8710 7817 7825 7820 7818 7815 7821 7823 7812 5974 
1 5 8710 7817 7825 7820 7816 
1 6 8710 6064 6063 6065 8507 8505 
1 6 8710 8604 8602 8606 8599 8605 
1 5 8715 8713 8719 6211 6213 
1 7 8715 8721 7780 7775 7779 6120 7774 
1 10 8715 8713 8718 8711 8720 6336 6346 8257 8253 8264 
1 6 8715 6212 6216 7778 8734 8736 
1 2 8732 6495 
1 6 8732 8726 8731 8725 6307 6305 
1 3 8732 6495 7414 
1 3 8732 6495 8310 
1 7 8732 6495 8310 7052 7833 7835 8556 
1 6 8732 6000 6002 7414 7415 8644 
1 9 8736 8734 8739 8737 6491 6484 6494 6487 8215 
1 6 8736 8734 7778 6216 6212 8715 
1 7 8772 8784 8794 8785 7019 7026 7039 
1 15 8772 8784 8794 8785 7019 7026 7039 7026 7039 6504 6498 14352 14361 14353 14348 
1 12 8786 8774 7800 8774 7795 7797 7787 7801 7791 7784 7663 7664 
1 3 8786 8774 7795 
1 5 8798 8800 7921 7916 7922 
1 8 8798 8803 8801 8802 8799 8090 8083 8088 
1 5 8824 8837 8834 8826 6188 
1 4 8824 8835 7399 7392 
1 9 8824 8832 8830 8218 8214 8219 8215 6494 7409 
1 6 8824 8832 8830 8218 8214 8215 
1 9 8824 8835 8829 7390 8561 8558 8586 8567 8596 
1 2 13837 13834 
1 2 13834 13837 
1 4 13834 13838 13863 13904 
1 3 13861 13858 13904 
1 3 13859 13905 13904 
1 8 13868 13835 13844 13839 8683 8679 8681 8684 
1 10 13904 13869 13865 13866 13844 13839 8683 8679 8681 8684 
1 3 13904 13858 13861 
1 3 13904 13905 13859 
1 4 13904 13863 13842 13834 
1 3 13910 13907 13909 
1 3 13909 13907 13910 
1 2 13918 13914 
1 2 13914 13918 
1 4 14125 14131 14126 14128 
1 4 14128 14126 14131 14125 
1 5 14128 14140 14133 14139 14133 
1 2 14138 14275 
1 3 14138 14152 14149 
1 7 14138 14275 14277 14281 14287 14286 14285 
1 5 14133 14136 14134 14142 14149 
1 5 14133 14139 14133 14140 14128 
1 2 14145 14280 
1 3 14149 14152 14138 
1 5 14149 14142 14134 14136 14133 
1 3 14187 14190 14796 
1 3 14188 14192 14191 
1 4 14188 14192 14191 14942 
1 3 14191 14192 14188 
1 2 14191 14942 
1 2 14258 14250 
1 2 14250 14258 
1 2 14280 14145 
1 2 14275 14138 
1 3 14287 14286 14285 
1 3 14285 14286 14287 
1 7 14285 14286 14287 14281 14277 14275 14138 
1 2 14292 14290 
1 2 14290 14292 
1 3 14290 14305 14308 
1 2 14295 14294 
1 2 14294 14295 
1 5 14294 14298 14302 14315 14309 
1 5 14309 14315 14302 14298 14294 
1 4 14309 14315 14313 14308 
1 4 14308 14313 14315 14309 
1 3 14308 14305 14290 
1 7 14308 14313 14304 14289 7908 7909 7910 
1 3 14343 14345 14342 
1 2 14343 14954 
1 3 14342 14345 14343 
1 2 14361 6509 
1 4 14348 14353 14360 6509 
1 16 14348 14353 14360 6509 6496 6503 6497 6500 6511 6499 14357 5886 5863 5881 8701 8695 
1 15 14348 14353 14361 14352 6498 6504 7039 7026 7039 7026 7019 8785 8794 8784 8772 
1 3 14374 14365 14364 
1 2 14374 14825 
1 3 14364 14365 14374 
1 5 14364 14372 14376 14375 14993 
1 2 14381 14382 
1 2 14382 14381 
1 3 14382 14373 14669 
1 3 14384 14393 14395 
1 4 14391 8436 14391 8436 
1 4 14391 14387 14390 14392 
1 4 14392 14390 14387 14391 
1 6 14392 14386 14389 14388 14397 14395 
1 4 14395 7958 7529 7534 
1 2 14395 7532 
1 6 14395 14397 14388 14389 14386 14392 
1 3 14395 14393 14384 
1 10 14395 14397 14388 14389 7532 7530 7533 8699 8695 8691 
1 4 14401 14399 14401 14402 
1 2 14401 14398 
1 2 14398 14401 
1 4 14402 14401 14399 14401 
1 3 14453 14451 14455 
1 3 14455 14451 14453 
1 3 14455 14451 14459 
1 2 14455 14917 
1 2 14456 14457 
1 2 14457 14456 
1 2 14457 14986 
1 2 14461 14734 
1 2 14461 14459 
1 2 14459 14461 
1 3 14459 14451 14455 
1 2 14499 14497 
1 2 14497 14499 
1 2 14560 14561 
1 3 14561 6742 6741 
1 2 14561 14560 
1 3 14565 14570 14567 
1 3 14567 14570 14565 
1 3 14567 1436 14986 
1 2 14609 14884 
1 3 14610 14611 14993 
1 3 14610 14612 14874 
1 3 14669 14373 14382 
1 2 14669 14772 
1 2 14669 14976 
1 2 14671 14670 
1 2 14670 14671 
1 5 14670 14671 14674 14669 14772 
1 2 14704 8304 
1 2 14704 14706 
1 2 14704 14706 
1 8 14704 8304 8306 8305 8308 8684 8685 8682 
1 2 14706 14704 
1 2 14706 14704 
1 2 14706 14705 
1 2 14705 14706 
1 2 14705 14913 
1 2 14715 14716 
1 5 14716 14715 6035 6045 6565 
1 3 14716 14715 6035 
1 2 14716 14715 
1 3 14716 14715 14938 
1 2 14765 6108 
1 2 14771 14772 
1 2 14771 14772 
1 2 14771 14772 
1 2 14772 14771 
1 2 14772 14771 
1 5 14772 14669 14674 14671 14670 
1 2 14772 14669 
1 2 14772 14771 
1 2 14784 14783 
1 2 14783 14784 
1 2 14783 14976 
1 3 14796 14190 14187 
1 2 14824 14825 
1 2 14825 14374 
1 2 14825 14824 
1 4 14834 14835 1441 14986 
1 4 14848 8466 8470 8461 
1 7 14848 8466 8468 8467 8283 8288 6068 
1 4 14848 8466 8470 8468 
1 3 14874 14612 14610 
1 6 14874 14610 14611 8610 7066 7054 
1 2 14881 6158 
1 2 14884 14609 
1 2 14884 14993 
1 3 14894 1517 1522 
1 2 14911 6165 
1 2 14911 7492 
1 3 14913 13892 13895 
1 2 14913 14705 
1 2 14915 14992 
1 2 14917 14455 
1 3 14938 14715 14716 
1 2 14954 14343 
1 2 14976 14669 
1 2 14976 14783 
1 2 14986 1436 
1 3 14986 1436 14567 
1 2 14986 14457 
1 4 14986 1441 14835 14834 
1 2 14992 1523 
1 38 14992 1525 1518 1938 1933 1925 1935 8093 6721 8099 8094 8095 8399 8401 8398 8392 8483 8479 8488 8489 8475 8490 7488 7486 7492 6023 6024 6030 8465 8466 8468 8467 8283 8288 6068 6070 8285 8280 
1 2 14992 14915 
1 3 14993 14611 14610 
1 2 14993 14884 
1 6 14993 14884 14372 14376 14375 14993 
1 5 14993 14375 14376 14372 14364 
1 6 14993 14375 14376 14372 14884 14993 
1 3 2329 2315 4131 
1 3 2325 4133 4127 
1 4 2350 3407 2355 3574 
1 6 2348 2357 3120 3128 3131 3971 
1 2 2394 2985 
1 4 2385 2413 2394 2985 
1 2 2437 4725 
1 2 2437 4725 
1 2 2437 4684 
1 17 2452 2448 2455 3927 3925 3930 4511 4509 3632 3636 2710 2705 2709 4650 4649 2784 2783 
1 3 2454 3648 3647 
1 6 2486 2498 2492 3537 3538 3535 
1 4 2527 2529 2540 2522 
1 2 2522 4463 
1 4 2522 2540 2529 2527 
1 8 2522 4463 4464 4473 4454 4450 4472 4452 
1 6 2563 2561 2553 2559 3274 3288 
1 9 2560 2554 2567 3285 3293 3279 3296 3280 3297 
1 3 2603 2607 3313 
1 3 2598 2605 3593 
1 3 2673 3216 3234 
1 4 2710 3636 3628 3632 
1 4 2714 2708 2704 3973 
1 9 2714 2707 2712 2700 14997 14998 3488 14999 15003 
1 3 2746 3559 3565 
1 5 2740 2746 2743 4351 4358 
1 4 2740 2750 3559 3565 
1 10 2769 4272 3736 3726 3733 3737 3727 3731 3732 3735 
1 3 2783 4648 4646 
1 17 2783 2784 4649 4650 2709 2705 2710 3636 3632 4509 4511 3930 3925 3927 2455 2448 2452 
1 5 2783 4648 4646 4644 4647 
1 3 2784 4603 4609 
1 3 2784 4645 4646 
1 4 2930 2931 2936 3994 
1 2 2954 3595 
1 4 2954 3595 3591 3593 
1 9 2954 2947 2958 3905 3889 3910 3913 3895 3885 
1 6 2953 3594 3590 3595 3591 3593 
1 3 3010 2980 2985 
1 2 2985 2394 
1 3 2985 2980 3010 
1 4 2985 2394 2413 2385 
1 2 3071 4930 
1 4 3070 5302 4072 4067 
1 4 3120 3128 3131 3971 
1 13 3120 3130 3117 3132 3129 3463 3426 3450 3475 3462 3437 3476 4169 
1 9 3120 3128 3131 3866 3865 3871 3867 4696 4695 
1 8 3119 2351 2359 2357 3120 3128 3131 3971 
1 2 3140 3142 
1 2 3142 3140 
1 3 3142 3140 14606 
1 3 3142 3145 4260 
1 5 3170 3166 3174 3165 3172 
1 2 3170 14945 
1 5 3172 3165 3174 3166 3170 
1 2 3172 4719 
1 4 3207 3212 3200 4771 
1 5 3205 2997 3205 3200 4771 
1 3 3234 3216 2673 
1 16 3234 3219 2662 2667 4015 3223 3227 3236 4616 4642 4632 4621 4622 4638 3846 3825 
1 9 3234 3219 2662 2667 4015 3223 3227 3236 4616 
1 4 3297 3280 3296 14607 
1 9 3297 3280 3296 3279 3293 3285 2567 2554 2560 
1 9 3297 3281 3292 3277 3289 3271 3295 3275 3288 
1 6 3288 3274 2559 2553 2561 2563 
1 9 3288 3275 3295 3271 3289 3277 3292 3281 3297 
1 17 3288 3295 3286 3273 3293 3272 3287 2556 2565 2548 2555 2558 4400 4366 4408 4373 4406 
1 4 3321 3310 3324 3313 
1 4 3313 3324 3310 3321 
1 3 3313 2607 2603 
1 7 3313 2607 2603 2609 2598 2605 3593 
1 7 3342 3333 4661 4660 4657 4663 4659 
1 2 3340 4695 
1 6 3372 3589 2608 2597 2605 3593 
1 3 3417 3412 3416 
1 3 3416 3412 3417 
1 3 3416 3633 3637 
1 9 3463 3121 3132 3117 3130 3120 3128 3131 3971 
1 2 3542 14850 
1 10 3542 4536 3531 3537 3538 3535 3541 3536 3533 3682 
1 6 3535 3538 3537 2492 2498 2486 
1 4 3535 3541 3536 3682 
1 15 3535 3538 3537 2492 2498 2486 2467 2509 2500 2491 2505 2476 2511 2470 4008 
1 32 3565 3553 3572 3556 3546 3558 3569 3560 3550 2391 2385 2413 2394 2985 2980 3010 2997 3212 3200 4771 4796 3950 3955 3949 4608 4603 4602 4607 4519 4518 4517 4521 
1 3 3565 3559 2746 
1 4 3565 3559 2750 2740 
1 3 3555 3551 4138 
1 4 3574 2355 3407 2350 
1 6 3574 3415 3423 3411 3408 3973 
1 5 3588 4658 4662 4665 4659 
1 2 3595 2954 
1 4 3593 3591 3595 2954 
1 7 3593 2605 2598 2609 2603 2607 3313 
1 6 3593 3591 3595 3590 3594 2953 
1 6 3593 2605 2597 2608 3589 3372 
1 3 3593 2605 2598 
1 8 3621 3613 3612 2536 2530 2525 5566 5551 
1 3 3637 4510 4509 
1 3 3637 3633 3416 
1 4 3632 3628 3636 2710 
1 2 3632 4512 
1 10 3644 3641 3640 3645 4086 4068 4058 4054 4079 4067 
1 6 3647 14479 14428 14436 14429 14424 
1 2 3647 14477 
1 3 3647 3648 2454 
1 10 3682 3533 3536 3541 3535 3538 3537 3531 4536 3542 
1 4 3682 3536 3541 3535 
1 2 3724 4394 
1 2 3724 3735 
1 2 3735 3724 
1 10 3735 3732 3731 3727 3737 3733 3726 3736 4272 2769 
1 5 3735 4372 4411 4373 4406 
1 16 3825 3846 4638 4622 4621 4632 4642 4616 3236 3227 3223 4015 2667 2662 3219 3234 
1 10 3825 3849 4618 4622 4637 4178 4172 4173 4172 4173 
1 3 3864 4498 4499 
1 4 3910 3913 3895 3885 
1 4 3885 3895 3913 3910 
1 9 3885 3895 3913 3910 3889 3905 2958 2947 2954 
1 12 3931 3926 3935 3928 3628 3636 2710 2705 2701 4647 4644 4646 
1 3 3930 4511 4512 
1 4 3955 3949 4605 4609 
1 4 3950 4772 4347 4346 
1 4 3971 3131 3128 3120 
1 6 3971 3131 3128 3120 2357 2348 
1 9 3971 3131 3128 3120 3130 3117 3132 3121 3463 
1 8 3971 3131 3128 3120 2357 2359 2351 3119 
1 2 3971 4494 
1 6 3973 3408 3411 3423 3415 3574 
1 4 3973 2704 2708 2714 
1 6 3973 2704 2699 3629 3632 4512 
1 4 3994 2936 2931 2930 
1 7 3994 2941 2935 2939 2929 2940 4348 
1 3 3994 4527 4535 
1 15 4008 2470 2511 2476 2505 2491 2500 2509 2467 2486 2498 2492 3537 3538 3535 
1 4 4067 4072 5302 3070 
1 10 4067 4079 4054 4058 4068 4086 3645 3640 3641 3644 
1 9 4067 4072 4085 3055 3079 3072 3046 5003 5000 
1 5 4109 4097 4094 2940 4348 
1 3 4131 2315 2329 
1 3 4131 4133 4127 
1 3 4127 4133 4131 
1 3 4127 4133 2325 
1 7 4127 4133 2325 2338 2324 4125 4348 
1 35 4138 3547 3566 3563 3552 3562 3556 3546 3558 3569 3560 3550 2391 2385 2413 2394 2985 2980 3010 2997 3212 3200 4771 4796 3950 3955 3949 4608 4603 4602 4607 4519 4518 4517 4521 
1 3 4138 3551 3555 
1 3 4153 4656 4652 
1 13 4169 3476 3437 3462 3475 3450 3426 3463 3129 3132 3117 3130 3120 
1 10 4173 4172 4173 4172 4178 4637 4622 4618 3849 3825 
1 3 4251 4681 4684 
1 3 4260 3145 3142 
1 5 4260 3149 3136 3150 4282 
1 11 4282 3135 3136 3149 4260 4256 4249 4257 4251 4261 4684 
1 5 4282 3135 3136 3149 4260 
1 5 4346 4347 4772 4796 4771 
1 4 4346 4347 4772 3950 
1 9 4346 4791 4783 3481 3443 3467 4780 3468 4784 
1 5 4348 2940 4094 4097 4109 
1 7 4348 2940 2929 2939 2935 2941 3994 
1 7 4348 4125 2324 2338 2325 4133 4127 
1 2 4394 3724 
1 17 4406 4373 4408 4366 4400 2558 2555 2548 2565 2556 3287 3272 3293 3273 3286 3295 3288 
1 5 4406 4373 4411 4372 3735 
1 2 4463 2522 
1 8 4452 4472 4450 4454 4473 4464 4463 2522 
1 5 4452 4472 4694 4167 4695 
1 3 4499 4498 3864 
1 2 4499 4494 
1 2 4494 4499 
1 2 4494 3971 
1 3 4509 4510 3637 
1 5 4509 3634 3630 3632 4512 
1 5 4512 3632 3630 3634 4509 
1 2 4512 3632 
1 6 4512 3632 3629 2699 2704 3973 
1 3 4512 4511 3930 
1 32 4521 4517 4518 4519 4607 4602 4603 4608 3949 3955 3950 4772 4771 3200 3212 2997 3010 2980 2985 2394 2413 2385 2391 3550 3560 3569 3558 3546 3556 3572 3553 3565 
1 2 4521 4518 
1 35 4521 4517 4518 4519 4607 4602 4603 4608 3949 3955 3950 4772 4771 3200 3212 2997 3010 2980 2985 2394 2413 2385 2391 3550 3560 3569 3558 3546 3556 3562 3552 3563 3566 3547 4138 
1 2 4518 4521 
1 3 4518 4519 4604 
1 2 4537 4535 
1 2 4535 4537 
1 5 4535 4525 4532 3542 14850 
1 3 4535 4527 3994 
1 4 4609 4605 3949 3955 
1 3 4609 4603 2784 
1 6 4604 4610 2786 2783 4648 4646 
1 3 4604 4519 4518 
1 9 4616 3236 3227 3223 4015 2667 2662 3219 3234 
1 12 4646 4644 4647 2701 2705 2710 3636 3628 3928 3935 3926 3931 
1 3 4646 4648 2783 
1 3 4646 4645 2784 
1 6 4646 4648 2783 2786 4610 4604 
1 21 4646 4644 4647 2701 2705 2710 3636 3628 3928 3935 3926 3931 3929 3937 3928 3628 3636 2710 2705 2701 4647 
1 21 4647 2701 2705 2710 3636 3628 3928 3937 3929 3931 3926 3935 3928 3628 3636 2710 2705 2701 4647 4644 4646 
1 5 4647 4644 4646 4648 2783 
1 3 4652 4656 4153 
1 6 4652 4457 4468 4693 3337 4695 
1 2 4652 14896 
1 7 4659 4663 4657 4660 4661 3333 3342 
1 5 4659 4665 4662 4658 3588 
1 27 4659 4658 3588 4153 4459 4462 4473 4464 4463 2532 2527 2537 2539 5566 5551 5571 4903 4911 4895 5587 5590 5597 5596 5542 5540 5544 5537 
1 3 4684 4681 4251 
1 11 4684 4261 4251 4257 4249 4256 4260 3149 3136 3150 4282 
1 2 4684 2437 
1 9 4695 4696 3867 3871 3865 3866 3131 3128 3120 
1 2 4695 3340 
1 5 4695 4167 4694 4472 4452 
1 6 4695 3337 4693 4468 4457 4652 
1 2 4725 2437 
1 2 4725 2437 
1 2 4719 14928 
1 2 4719 3172 
1 4 4771 3200 3212 3207 
1 5 4771 3200 3205 2997 3205 
1 5 4771 4796 4772 4347 4346 
1 8 4771 4790 4346 4779 3959 3958 3953 15002 
1 9 4784 3468 4780 3467 3443 3481 4783 4791 4346 
1 4 4802 5744 5742 5743 
1 2 4807 4803 
1 2 4803 4807 
1 5 4803 4805 5381 5375 5382 
1 4 4826 4822 4843 10074 
1 8 4823 4844 4818 4827 4826 4822 4843 10074 
1 12 4823 5071 4844 4841 4827 4832 4826 10069 10072 10065 10078 10139 
1 8 4849 4858 4862 4863 5249 5245 5251 5246 
1 2 4867 4877 
1 2 4877 4867 
1 8 4877 4869 5002 4996 4990 4993 5005 5117 
1 2 4886 5493 
1 4 4884 5499 5506 5493 
1 10 4884 5499 5506 5493 5261 5257 5252 5259 5056 14897 
1 5 4897 5595 5591 5594 5598 
1 8 4897 4903 5571 5551 5562 5567 5585 5554 
1 4 4903 5571 5579 5551 
1 2 4913 13119 
1 3 4913 5746 5742 
1 5 4913 13119 5013 5015 14871 
1 4 4916 4797 5744 5742 
1 6 4925 4929 5688 5682 5692 5687 
1 3 4925 4922 5748 
1 2 4923 5101 
1 3 4930 4931 4930 
1 3 4930 4931 4930 
1 10 4930 4931 5103 5114 4931 4930 4931 5107 5112 5102 
1 2 4930 3071 
1 2 4936 5483 
1 4 4936 5483 5486 5484 
1 5 4935 5701 5482 5481 5484 
1 7 4953 4966 4952 5756 5752 5760 5327 
1 3 4971 5485 5484 
1 6 4981 4972 5255 5262 5259 5252 
1 2 4995 5102 
1 13 4995 4993 4990 4998 5312 5309 5319 5317 4866 4872 4876 4868 5350 
1 9 5000 5003 3046 3072 3079 3055 4085 4072 4067 
1 5 5000 5004 4999 4997 5117 
1 4 5007 5010 5633 5631 
1 2 5015 5014 
1 2 5014 5015 
1 3 5014 5015 14871 
1 7 5022 5024 5020 5036 5152 5222 5182 
1 2 5073 14897 
1 4 5080 9701 9689 9695 
1 2 5091 5640 
1 5 5091 5089 5094 5090 5656 
1 2 5101 14077 
1 2 5101 4923 
1 2 5098 14076 
1 5 5098 5096 5652 5651 5653 
1 2 5102 4995 
1 4 5102 5116 5005 5117 
1 8 5102 4995 4993 4990 4998 5312 5309 5319 
1 10 5102 5112 5107 4931 4930 4931 5114 5103 4931 4930 
1 4 5117 5005 5116 5102 
1 5 5117 4997 4999 5004 5000 
1 12 5117 4997 5111 5000 5004 5001 5315 5304 5311 5319 5309 5319 
1 8 5117 5005 4993 4990 4996 5002 4869 4877 
1 9 5129 5139 5359 5339 5726 5728 5724 5734 5604 
1 11 5182 5029 5038 5040 5017 5572 5565 5564 5567 5562 5551 
1 7 5182 5222 5152 5036 5020 5024 5022 
1 2 5246 13137 
1 2 5246 5743 
1 8 5246 5251 5245 5249 4863 4862 4858 4849 
1 6 5252 5259 5262 5255 4972 4981 
1 4 5252 5259 5056 14897 
1 2 5261 5493 
1 3 5263 5273 5645 
1 8 5268 4839 4824 4836 5398 5391 5395 5388 
1 3 5281 5288 5385 
1 10 5281 5284 5704 5705 5282 5608 5725 5732 5736 5739 
1 2 5285 5705 
1 6 5289 5298 5295 5291 5750 5373 
1 8 5319 5309 5312 4998 4990 4993 4995 5102 
1 12 5319 5309 5319 5311 5304 5315 5001 5004 5000 5111 4997 5117 
1 7 5327 5760 5752 5756 4952 4966 4953 
1 3 5327 5697 5700 
1 3 5327 5760 5754 
1 2 5353 14903 
1 13 5350 4868 4876 4872 4866 5317 5319 5309 5312 4998 4990 4993 4995 
1 6 5373 5750 5291 5295 5298 5289 
1 3 5373 5749 5748 
1 3 5385 5288 5281 
1 5 5385 5288 5281 5285 5705 
1 5 5382 5375 5381 4805 4803 
1 4 5382 5383 5379 5661 
1 4 5388 5392 5390 10074 
1 8 5388 5395 5391 5398 4836 4824 4839 5268 
1 9 5394 5397 5396 5391 5395 5388 5392 5390 10074 
1 4 5401 5428 5658 5656 
1 2 5438 5530 
1 4 5459 5460 5478 5465 
1 4 5465 5478 5460 5459 
1 6 5465 5458 5468 5470 5051 14897 
1 2 5483 4936 
1 4 5484 5486 5483 4936 
1 3 5484 5485 4971 
1 5 5484 5481 5482 5701 4935 
1 12 5484 5485 4971 5707 5701 4935 4944 4941 4937 5703 5704 5705 
1 3 5484 5486 14955 
1 2 5493 4886 
1 2 5493 5261 
1 4 5493 5506 5499 4884 
1 7 5493 5261 5254 5252 5259 5056 14897 
1 7 5512 5517 5511 4799 4802 5744 5742 
1 4 5531 5520 5521 5530 
1 4 5530 5521 5520 5531 
1 6 5530 5521 5528 5014 5015 14871 
1 2 5530 5438 
1 3 5542 5586 5598 
1 27 5537 5544 5540 5542 5596 5597 5590 5587 4895 4911 4903 5571 5551 5566 2539 2537 2527 2532 4463 4464 4473 4462 4459 4153 3588 4658 4659 
1 7 5537 5544 5543 5535 5622 5618 5654 
1 8 5551 5566 2525 2530 2536 3612 3613 3621 
1 4 5551 5579 5571 4903 
1 11 5551 5562 5567 5564 5565 5572 5017 5040 5038 5029 5182 
1 7 5551 5566 2525 2534 3618 5575 5554 
1 8 5554 5585 5567 5562 5551 5571 4903 4897 
1 7 5554 5575 3618 2534 2525 5566 5551 
1 3 5598 5586 5542 
1 5 5598 5594 5591 5595 4897 
1 7 5598 5586 5596 5593 5597 5592 5687 
1 5 5609 5615 5603 5612 5604 
1 5 5604 5612 5603 5615 5609 
1 9 5604 5734 5724 5728 5726 5339 5359 5139 5129 
1 2 5604 5723 
1 3 5623 14062 5618 
1 3 5618 14062 5623 
1 2 5618 5654 
1 2 5627 5631 
1 2 5631 5627 
1 4 5631 5633 5010 5007 
1 4 5631 5626 5696 5700 
1 2 5640 5091 
1 6 5640 5091 5089 5094 5090 5656 
1 3 5645 5273 5263 
1 2 5650 5698 
1 2 5651 5653 
1 2 5653 5651 
1 5 5653 5651 5652 5096 5098 
1 6 5654 5618 5619 5625 5617 5680 
1 7 5654 5618 5622 5535 5543 5544 5537 
1 2 5654 5618 
1 5 5656 5090 5094 5089 5091 
1 4 5656 5658 5428 5401 
1 6 5656 5090 5094 5089 5091 5640 
1 4 5661 5379 5383 5382 
1 7 5661 5379 5383 5382 5377 5282 5705 
1 6 5680 5617 5625 5619 5618 5654 
1 5 5680 5691 5682 5692 5687 
1 6 5687 5692 5682 5688 4929 4925 
1 5 5687 5692 5682 5691 5680 
1 7 5687 5592 5597 5593 5596 5586 5598 
1 2 5698 5650 
1 4 5698 5650 5695 5700 
1 4 5700 5695 5650 5698 
1 4 5700 5696 5626 5631 
1 3 5700 5697 5327 
1 5 5700 5697 5327 5760 5754 
1 5 5705 5285 5281 5288 5385 
1 2 5705 5285 
1 12 5705 5704 5705 4937 4941 4944 4935 5701 5707 4971 5485 5484 
1 7 5705 5282 5377 5382 5383 5379 5661 
1 6 5720 5710 5713 5753 5762 5754 
1 2 5723 5604 
1 3 5723 5727 5739 
1 10 5739 5736 5732 5725 5608 5282 5705 5704 5284 5281 
1 3 5739 5727 5723 
1 4 5743 5742 5744 4802 
1 2 5743 5246 
1 2 5743 5742 
1 3 5742 5746 4913 
1 2 5742 5743 
1 7 5742 5744 4802 4799 5511 5517 5512 
1 4 5742 5744 4797 4916 
1 3 5742 13123 13120 
1 3 5748 4922 4925 
1 6 5748 4922 4921 4923 5101 14077 
1 3 5748 5749 5373 
1 3 5754 5760 5327 
1 5 5754 5760 5327 5697 5700 
1 6 5754 5762 5753 5713 5710 5720 
1 4 8861 14105 14100 14867 
1 10 8872 10637 10660 10742 10758 10618 10623 10611 10636 10649 
1 2 8891 9555 
1 3 8901 8895 10346 
1 3 8905 8910 8913 
1 3 8913 8910 8905 
1 4 8913 8909 10156 10169 
1 3 8924 8922 10129 
1 5 8934 10804 10822 10807 9829 
1 7 8959 8967 9041 9026 9045 9015 9024 
1 2 9011 14886 
1 4 8994 14579 14576 14578 
1 7 9024 9015 9045 9026 9041 8967 8959 
1 7 9024 9015 9045 9029 10339 10327 10337 
1 3 9069 9051 9072 
1 3 9072 9051 9069 
1 5 9072 9066 10436 10377 9473 
1 2 9102 14702 
1 2 9102 9103 
1 2 9103 9102 
1 5 9103 9118 9100 10394 10424 
1 16 9138 9126 9137 9123 9132 9142 9143 9321 9135 9322 9323 9317 9319 9316 9326 10294 
1 3 9138 9122 10840 
1 3 9178 10224 10217 
1 2 9211 10507 
1 2 9211 13719 
1 4 9203 9214 9200 13721 
1 2 9220 9608 
1 5 9218 9224 9231 9726 9778 
1 2 9240 14775 
1 8 9250 9279 10402 10388 10375 10408 10405 10379 
1 8 9293 9282 10784 10777 10780 10788 10775 10786 
1 3 9303 9306 9304 
1 3 9304 9306 9303 
1 4 9304 9310 10511 10503 
1 17 9304 9308 10510 10503 10507 13639 13618 13640 13638 13623 13632 13650 13627 9396 9240 14775 14776 
1 4 9318 9166 9191 10217 
1 6 9340 9352 9354 9341 10540 10541 
1 2 9364 9421 
1 2 9365 10795 
1 3 9396 9240 14775 
1 7 9398 9406 9395 9410 9397 9399 9664 
1 5 9398 13722 13656 13661 13635 
1 2 9437 14545 
1 2 9421 9364 
1 3 9421 9364 14600 
1 9 9451 9462 9452 9458 8857 8884 8874 8879 14111 
1 5 9473 10408 10436 9066 9072 
1 4 9473 10377 10405 10379 
1 6 9536 9528 9509 10574 10566 10605 
1 10 9503 9589 9628 9607 9593 9223 9226 9231 9726 9778 
1 2 9555 8891 
1 3 9555 8891 9570 
1 3 9570 8891 9555 
1 7 9570 8888 8894 8902 8901 8895 10346 
1 5 9572 9579 9576 10553 10541 
1 9 9606 9598 9609 9772 9730 9771 9798 9736 9778 
1 2 9608 9220 
1 11 9656 9654 9651 9647 9655 10545 10559 10552 10544 10540 10541 
1 5 9656 9657 10691 10690 10697 
1 4 9663 10233 10248 10234 
1 7 9664 9399 9397 9410 9395 9406 9398 
1 6 9686 5080 5053 9701 9689 9695 
1 4 9695 10072 10092 10074 
1 6 9695 9689 9701 5053 5080 9686 
1 4 9695 9689 9701 5080 
1 2 9762 14659 
1 9 9778 9736 9798 9771 9730 9772 9609 9598 9606 
1 19 9778 9726 9231 9224 9218 9227 9221 9229 9608 9220 9608 9622 9591 9601 9615 10514 10525 10512 10525 
1 5 9778 9726 9231 9224 9218 
1 10 9778 9726 9231 9226 9223 9593 9607 9628 9589 9503 
1 19 9778 9726 9231 9226 9223 9221 9229 9220 9608 9622 9591 9601 9615 10514 10525 10514 10531 10751 10743 
1 5 9829 10807 10822 10804 8934 
1 6 9829 10811 10823 10802 10818 10805 
1 5 9859 9883 9874 9873 9888 
1 5 9888 9873 9874 9883 9859 
1 2 9937 14766 
1 3 9962 9953 13263 
1 4 9962 9953 13270 14767 
1 3 9979 10353 10359 
1 7 10030 10130 10132 8921 8924 8922 10129 
1 6 10053 10237 10249 10240 10250 10230 
1 4 10074 4843 4822 4826 
1 4 10074 5390 5392 5388 
1 8 10074 4843 4822 4826 4827 4818 4844 4823 
1 9 10074 5390 5392 5388 5395 5391 5396 5397 5394 
1 6 10074 10063 10080 10089 10057 10081 
1 4 10074 10092 10072 9695 
1 6 10081 10057 10089 10080 10063 10074 
1 7 10081 10057 10089 10058 10091 10062 10139 
1 7 10094 10093 10099 10102 10095 10304 10305 
1 4 10094 10110 10106 14918 
1 5 10100 10098 10308 10313 10305 
1 3 10129 8922 8924 
1 7 10129 8922 8924 8921 10132 10130 10030 
1 12 10139 10078 10065 10072 10069 4826 4832 4827 4841 4844 5071 4823 
1 7 10139 10062 10091 10058 10089 10057 10081 
1 3 10181 10160 10169 
1 11 10181 10160 10169 10193 10186 10175 10173 10184 10170 10816 10805 
1 3 10169 10160 10181 
1 4 10169 10156 8909 8913 
1 8 10169 10156 10188 8907 8915 10176 10816 10805 
1 3 10217 10224 9178 
1 4 10217 9191 9166 9318 
1 4 10234 10248 10233 9663 
1 2 10234 10230 
1 2 10230 10234 
1 2 10230 10317 
1 6 10230 10250 10240 10249 10237 10053 
1 5 10230 10317 10319 10839 10840 
1 4 10257 10263 10259 10256 
1 4 10256 10259 10263 10257 
1 2 10270 10686 
1 5 10270 10783 10787 10773 10786 
1 2 10270 10686 
1 4 10283 10280 10502 10500 
1 5 10283 10280 10502 10500 10501 
1 2 10283 14952 
1 5 10277 10287 10309 10313 10305 
1 16 10294 9326 9316 9319 9317 9323 9321 9135 9321 9143 9142 9132 9123 9137 9126 9138 
1 4 10314 10307 10313 10305 
1 4 10305 10313 10307 10314 
1 7 10305 10304 10095 10102 10099 10093 10094 
1 5 10305 10313 10309 10287 10277 
1 5 10305 10313 10309 10281 10501 
1 5 10305 10313 10308 10098 10100 
1 2 10317 10230 
1 4 10316 10844 10315 10698 
1 7 10337 10327 10339 9029 9045 9015 9024 
1 11 10337 10327 10339 9042 9046 9023 9047 9030 9035 10266 10835 
1 3 10346 8895 8901 
1 3 10346 10693 10697 
1 7 10346 8895 8901 8902 8894 8888 9570 
1 5 10365 10352 10368 10364 10359 
1 5 10359 10364 10368 10352 10365 
1 3 10359 10353 9979 
1 5 10424 10394 9100 9118 9103 
1 8 10379 10405 10408 10375 10388 10402 9279 9250 
1 4 10379 10405 10377 9473 
1 4 10500 10502 10280 10283 
1 5 10501 10500 10502 10280 10283 
1 5 10501 10281 10309 10313 10305 
1 7 10501 10500 10502 10286 10288 10689 10697 
1 2 10507 9211 
1 4 10503 10511 9310 9304 
1 3 10503 10507 13719 
1 19 10525 10512 10525 10514 9615 9601 9591 9622 9608 9220 9608 9229 9221 9227 9218 9224 9231 9726 9778 
1 3 10525 10532 10526 
1 3 10526 10532 10525 
1 6 10526 10522 10536 10516 10753 10743 
1 4 10557 10550 10553 10541 
1 4 10541 10553 10550 10557 
1 5 10541 10553 9576 9579 9572 
1 6 10541 10540 9341 9354 9352 9340 
1 11 10541 10540 10544 10552 10559 10545 9655 9647 9651 9654 9656 
1 6 10605 10566 10574 9509 9528 9536 
1 6 10605 10566 10595 10584 10565 10582 
1 6 10582 10565 10584 10595 10566 10605 
1 8 10582 10577 10604 10588 10815 10803 10815 10805 
1 10 10649 10636 10611 10623 10618 10758 10742 10660 10637 8872 
1 11 10649 10636 10611 10623 10618 10652 10758 10760 10769 10762 10743 
1 2 10686 10270 
1 2 10686 10270 
1 3 10686 10834 10835 
1 7 10697 10689 10288 10286 10502 10500 10501 
1 3 10697 10693 10346 
1 5 10697 10690 10691 9657 9656 
1 2 10700 10698 
1 2 10698 10700 
1 4 10698 10315 10844 10316 
1 5 10698 10842 10838 10845 10840 
1 3 10714 10707 10735 
1 6 10735 10732 10738 9367 9365 10795 
1 3 10735 10707 10714 
1 19 10743 10751 10531 10514 10525 10514 9615 9601 9591 9622 9608 9220 9229 9221 9223 9226 9231 9726 9778 
1 6 10743 10753 10516 10536 10522 10526 
1 11 10743 10762 10769 10760 10758 10652 10618 10623 10611 10636 10649 
1 6 10783 10270 10686 10836 10829 10835 
1 5 10786 10773 10787 10783 10270 
1 8 10786 10775 10788 10780 10777 10784 9282 9293 
1 2 10793 13663 
1 3 10795 10797 13663 
1 2 10795 9365 
1 6 10795 9365 9367 10738 10732 10735 
1 11 10805 10816 10170 10184 10173 10175 10186 10193 10169 10160 10181 
1 8 10805 10816 10176 8915 8907 10188 10156 10169 
1 6 10805 10818 10802 10823 10811 9829 
1 8 10805 10815 10803 10815 10588 10604 10577 10582 
1 3 10833 10829 10835 
1 3 10835 10829 10833 
1 6 10835 10829 10836 10686 10270 10783 
1 11 10835 10266 9035 9030 9047 9023 9046 9042 10339 10327 10337 
1 3 10835 10834 10686 
1 3 10840 9122 9138 
1 5 10840 10839 10319 10317 10230 
1 5 10840 10845 10838 10842 10698 
1 22 12356 12355 12362 12371 12406 12467 12485 12476 12397 12377 12387 12404 12535 12395 12392 12375 12399 12398 12391 12401 12394 12378 
1 7 12356 12363 12344 12357 12819 12811 12798 
1 9 12358 12469 12427 12447 12431 12422 12444 12424 12440 
1 12 12358 12469 12427 12447 12431 12437 12487 12460 12480 12466 12455 12462 
1 2 12358 12469 
1 6 12358 12469 12427 12447 12431 12422 
1 22 12378 12394 12401 12391 12398 12399 12375 12392 12395 12535 12404 12387 12377 12397 12476 12485 12467 12406 12371 12362 12355 12356 
1 13 12372 12589 12402 12389 12651 12673 12649 12663 12786 12669 12657 12672 12667 
1 2 12372 12576 
1 5 12416 12414 12634 12408 12635 
1 17 12416 12682 12690 12675 12684 12415 12411 12418 12685 12683 12679 12688 12681 12677 12615 12601 12615 
1 5 12416 12414 12408 12410 12407 
1 5 12407 12410 12408 12414 12416 
1 14 12407 12413 12498 12645 12631 12639 12623 12639 12638 12497 12638 12622 12492 12500 
1 5 12407 12413 12498 12645 12631 
1 9 12440 12424 12444 12422 12431 12447 12427 12469 12358 
1 6 12422 12431 12447 12427 12469 12358 
1 7 12462 12477 12520 12531 12506 12536 12527 
1 12 12462 12455 12466 12480 12460 12487 12437 12431 12447 12427 12469 12358 
1 2 12469 12358 
1 20 12500 12492 12622 12638 12497 12638 12639 12623 12639 12631 12645 12498 12490 12496 12499 12701 12707 12701 12712 12694 
1 4 12500 12489 12502 14701 
1 2 12500 12489 
1 14 12500 12492 12622 12638 12497 12638 12639 12623 12639 12631 12645 12498 12413 12407 
1 2 12489 12500 
1 14 12489 12738 12759 12751 12724 12732 12747 12722 12741 12551 12568 12559 12745 12559 
1 7 12527 12536 12506 12531 12520 12477 12462 
1 10 12527 12536 12515 12511 12533 12504 12530 12507 12509 12516 
1 10 12516 12509 12507 12530 12504 12533 12511 12515 12536 12527 
1 10 12516 12509 12507 12529 12503 12529 12526 12517 12525 12585 
1 6 12557 12539 12541 12561 12556 12559 
1 6 12559 12556 12561 12541 12539 12557 
1 8 12559 12745 12726 12754 12750 12744 12728 12733 
1 7 12559 12745 12726 12568 12551 12741 12722 
1 14 12559 12745 12559 12568 12551 12741 12722 12747 12732 12724 12751 12759 12738 12489 
1 16 12585 12597 12595 12588 12577 12579 12576 12372 12589 12578 12592 12583 12596 12776 12618 12605 
1 10 12585 12525 12517 12526 12529 12503 12529 12507 12509 12516 
1 2 12576 12372 
1 17 12615 12601 12615 12677 12681 12688 12679 12683 12685 12418 12411 12415 12684 12675 12690 12682 12416 
1 4 12615 12601 12615 12677 
1 16 12605 12618 12776 12596 12583 12592 12578 12589 12372 12576 12579 12577 12588 12595 12597 12585 
1 5 12635 12408 12634 12414 12416 
1 5 12631 12645 12498 12413 12407 
1 13 12667 12672 12657 12669 12786 12663 12649 12673 12651 12389 12402 12589 12372 
1 6 12667 12658 12662 12760 12662 12658 
1 6 12658 12662 12760 12662 12658 12667 
1 4 12677 12615 12601 12615 
1 6 12677 12676 12678 12688 12674 12680 
1 6 12680 12674 12688 12678 12676 12677 
1 20 12694 12712 12701 12707 12701 12499 12496 12490 12498 12645 12631 12639 12623 12639 12638 12497 12638 12622 12492 12500 
1 7 12694 12715 12694 12712 12692 12709 12703 
1 7 12703 12709 12692 12712 12694 12715 12694 
1 4 12703 12705 12785 12777 
1 8 12733 12728 12744 12750 12754 12726 12745 12559 
1 7 12722 12741 12551 12568 12726 12745 12559 
1 4 12777 12785 12705 12703 
1 4 12804 12824 12807 12798 
1 7 12798 12811 12819 12357 12344 12363 12356 
1 4 12798 12807 12824 12804 
1 5 13067 13056 13054 13077 14871 
1 9 13067 13056 13071 13050 13076 13058 13073 13053 13087 
1 5 13049 13064 13084 13096 13087 
1 2 13079 13196 
1 5 13093 13086 13217 13232 13229 
1 9 13087 13053 13073 13058 13076 13050 13071 13056 13067 
1 5 13087 13096 13084 13064 13049 
1 2 13099 14067 
1 4 13105 13175 13182 13178 
1 5 13116 13112 13188 13191 13169 
1 4 13114 13194 13188 13192 
1 2 13119 4913 
1 3 13120 13123 5742 
1 6 13120 13137 13140 13139 13126 13139 
1 2 13125 13124 
1 2 13124 13125 
1 3 13124 13128 13139 
1 2 13136 13134 
1 2 13134 13136 
1 4 13134 13130 13200 13229 
1 2 13137 5246 
1 3 13139 13128 13124 
1 6 13139 13126 13139 13140 13137 13120 
1 3 13150 13393 13416 
1 2 13148 14529 
1 3 13157 13081 13196 
1 7 13165 13161 13160 13197 13231 13200 13229 
1 2 13165 13192 
1 2 13170 13169 
1 5 13169 13191 13188 13112 13116 
1 2 13169 13170 
1 10 13169 13191 13188 13112 13116 13112 13188 13191 13189 13192 
1 2 13181 14066 
1 4 13178 13182 13175 13105 
1 4 13178 13186 13079 13196 
1 2 13188 13192 
1 2 13192 13188 
1 2 13192 13165 
1 10 13192 13189 13191 13188 13112 13116 13112 13188 13191 13169 
1 10 13192 13189 13193 13172 13166 13173 13195 13186 13079 13196 
1 4 13192 13188 13194 13114 
1 3 13196 13081 13157 
1 10 13196 13079 13186 13195 13173 13166 13172 13193 13189 13192 
1 2 13196 13079 
1 4 13196 13079 13186 13178 
1 5 13229 13232 13217 13086 13093 
1 7 13229 13200 13231 13197 13160 13161 13165 
1 4 13229 13200 13130 13134 
1 5 13212 13224 13214 13063 14871 
1 3 13234 13392 13385 
1 4 13233 13241 13236 13247 
1 4 13247 13234 13392 13385 
1 4 13247 13236 13241 13233 
1 5 13243 13236 13234 13392 13385 
1 2 13251 13254 
1 2 13254 13251 
1 6 13254 13251 13259 13268 13412 13394 
1 3 13263 9953 9962 
1 3 13263 13261 13265 
1 6 13263 9953 9962 9938 9956 14766 
1 3 13265 13261 13263 
1 5 13265 13276 13358 13363 14767 
1 2 13287 13282 
1 2 13282 13287 
1 5 13282 13287 13293 13289 14815 
1 2 13309 13304 
1 2 13304 13309 
1 4 13304 13405 13406 13401 
1 7 13313 13404 13396 13409 13401 13406 13401 
1 3 13330 13321 13329 
1 3 13329 13321 13330 
1 2 13329 14857 
1 2 13345 14977 
1 2 13351 14977 
1 3 13364 13352 13355 
1 3 13355 13352 13364 
1 7 13355 13307 13303 13304 13405 13406 13401 
1 5 13369 13380 13367 13371 13384 
1 8 13369 13368 13373 13370 13331 13336 13329 14857 
1 6 13366 13375 13380 13367 13371 13384 
1 3 13385 13392 13234 
1 4 13385 13392 13234 13247 
1 5 13385 13392 13234 13236 13243 
1 6 13385 13391 13386 13381 13389 13384 
1 6 13384 13389 13381 13386 13391 13385 
1 5 13384 13371 13367 13380 13369 
1 6 13384 13371 13367 13380 13375 13366 
1 2 13384 14912 
1 2 13395 13394 
1 2 13394 13395 
1 4 13394 13395 13393 13416 
1 6 13394 13412 13268 13259 13251 13254 
1 4 13401 13406 13405 13304 
1 7 13401 13406 13401 13409 13396 13404 13313 
1 7 13401 13406 13405 13304 13303 13307 13355 
1 3 13416 13393 13150 
1 3 13416 13411 13417 
1 4 13416 13393 13395 13394 
1 3 13417 13411 13416 
1 12 13417 13410 13415 13263 9953 9962 9936 9964 9952 9003 9011 14886 
1 2 13419 14912 
1 2 13638 14776 
1 5 13635 13661 13656 13722 9398 
1 10 13635 13661 13656 13664 13653 13662 13685 13669 13682 13679 
1 6 13635 13661 13656 13723 13660 13657 
1 8 13635 13644 13670 13671 13701 13699 13713 13707 
1 2 13663 10793 
1 3 13663 10797 10795 
1 3 13663 13658 13724 
1 4 13663 13658 13660 13657 
1 4 13657 13660 13658 13663 
1 3 13657 13658 13724 
1 6 13657 13660 13723 13656 13661 13635 
1 6 13671 13701 13716 13699 13713 13707 
1 5 13681 13676 13680 13677 13679 
1 5 13679 13677 13680 13676 13681 
1 10 13679 13682 13669 13685 13662 13653 13664 13656 13661 13635 
1 3 13688 13687 13696 
1 3 13696 13687 13688 
1 2 13696 14602 
1 3 13702 13713 13707 
1 3 13707 13713 13702 
1 8 13707 13713 13699 13701 13671 13670 13644 13635 
1 6 13707 13713 13699 13716 13701 13671 
1 4 13721 9200 9214 9203 
1 5 13721 9200 9193 9211 13719 
1 2 13719 9211 
1 5 13719 9211 9193 9200 13721 
1 3 13719 10507 10503 
1 2 13726 13724 
1 3 13724 13658 13663 
1 2 13724 13726 
1 3 13724 13658 13657 
1 3 13734 13737 13755 
1 3 13734 13739 13727 
1 3 13727 13739 13734 
1 3 13743 13749 13742 
1 2 13742 13758 
1 3 13742 13749 13743 
1 3 13755 13737 13734 
1 2 13755 13752 
1 2 13752 13755 
1 2 13756 13757 
1 2 13758 13742 
1 2 13757 13756 
1 3 13773 13765 13775 
1 3 13775 13765 13773 
1 4 13775 13782 13764 13832 
1 2 13787 13819 
1 3 13785 13818 13820 
1 3 13791 13790 13792 
1 3 13792 13790 13791 
1 3 13792 13815 13819 
1 2 13792 13815 
1 3 13799 13796 13806 
1 3 13806 13796 13799 
1 2 13806 13825 
1 2 13815 13792 
1 3 13814 13812 13829 
1 2 13819 13787 
1 6 13819 13787 13801 13808 13800 13825 
1 4 13819 13816 13818 13817 
1 3 13819 13815 13792 
1 4 13817 13818 13816 13819 
1 3 13817 13818 13820 
1 2 13821 13823 
1 4 13821 13823 13827 13825 
1 3 13820 13818 13785 
1 3 13820 13818 13817 
1 2 13820 13831 
1 2 13823 13821 
1 6 13825 13800 13808 13801 13787 13819 
1 4 13825 13827 13823 13821 
1 2 13825 13806 
1 2 13830 13831 
1 3 13829 13830 13831 
1 3 13829 13812 13814 
1 2 13831 13830 
1 3 13831 13830 13829 
1 2 13831 13820 
1 4 13832 13764 13782 13775 
1 2 13832 14962 
1 3 13977 13969 13973 
1 3 13973 13969 13977 
1 7 14061 14092 14085 14090 14079 14073 14077 
1 2 14061 14957 
1 2 14066 13181 
1 2 14066 14067 
1 2 14067 13099 
1 4 14067 14065 14088 14084 
1 2 14067 14066 
1 2 14076 14077 
1 2 14076 5098 
1 2 14077 5101 
1 2 14077 14076 
1 7 14077 14073 14079 14090 14085 14092 14061 
1 6 14077 5101 4923 4921 4922 5748 
1 2 14084 14091 
1 4 14084 14088 14065 14067 
1 4 14084 14091 14816 14959 
1 2 14091 14084 
1 2 14091 14816 
1 2 14095 14532 
1 2 14095 14868 
1 6 14095 14096 14101 14104 14102 14108 
1 3 14111 14102 14108 
1 9 14111 8879 8874 8884 8857 9458 9452 9462 9451 
1 3 14108 14102 14111 
1 6 14108 14102 14104 14101 14096 14095 
1 2 14116 14113 
1 2 14113 14116 
1 3 14201 14212 14209 
1 3 14209 14212 14201 
1 5 14209 14196 14216 14214 14219 
1 3 14217 14218 14219 
1 3 14219 14218 14217 
1 5 14219 14214 14216 14196 14209 
1 7 14219 14202 14210 14200 14195 14781 14782 
1 4 14320 14330 14321 14323 
1 6 14320 14330 14317 14334 14332 14898 
1 3 14323 14324 14333 
1 4 14323 14321 14330 14320 
1 2 14333 14876 
1 3 14333 14324 14323 
1 2 14331 14876 
1 2 14338 14335 
1 2 14335 14338 
1 4 14335 14340 14339 14803 
1 3 14406 14404 14403 
1 3 14403 14404 14406 
1 2 14410 14955 
1 3 14412 14411 14877 
1 3 14416 14418 14417 
1 2 14416 14882 
1 3 14417 14414 14416 
1 2 14435 14688 
1 3 14435 14422 14424 
1 2 14435 14985 
1 3 14435 14688 14985 
1 6 14424 14429 14436 14428 14479 3647 
1 3 14424 14422 14435 
1 3 14465 14466 14465 
1 3 14465 14466 14465 
1 2 14469 14473 
1 3 14469 14470 14474 
1 4 14472 14471 14476 14477 
1 2 14471 14477 
1 2 14473 14469 
1 6 14474 14470 14472 14471 14476 14477 
1 3 14474 14470 14469 
1 4 14477 14476 14471 14472 
1 6 14477 14476 14471 14472 14470 14474 
1 2 14477 14471 
1 2 14477 3647 
1 2 14484 14486 
1 2 14486 14484 
1 2 14488 14489 
1 2 14488 14490 
1 2 14490 14488 
1 2 14490 14489 
1 2 14489 14488 
1 2 14489 14490 
1 2 14491 14493 
1 2 14491 14492 
1 2 14493 14491 
1 2 14492 14491 
1 2 14503 14501 
1 2 14501 14503 
1 2 14507 14506 
1 2 14506 14507 
1 2 14529 13148 
1 3 14529 14575 14868 
1 2 14532 14095 
1 4 14534 14532 14095 14868 
1 4 14537 14536 14537 14536 
1 2 14537 14885 
1 4 14536 14537 14536 14537 
1 2 14540 14539 
1 2 14539 14540 
1 2 14544 14542 
1 2 14542 14544 
1 4 14546 14547 14548 14545 
1 2 14545 9437 
1 4 14545 9421 9364 14600 
1 4 14545 14548 14547 14546 
1 2 14575 14868 
1 4 14578 14576 14579 8994 
1 4 14578 14574 14581 14868 
1 2 14589 14595 
1 5 14588 14594 14591 14589 14595 
1 2 14595 14589 
1 5 14595 14589 14591 14594 14588 
1 2 14600 14602 
1 4 14600 9364 9421 14545 
1 3 14600 9364 9421 
1 2 14600 14603 
1 2 14601 14603 
1 2 14601 14603 
1 2 14602 14600 
1 3 14602 14600 14603 
1 2 14602 13696 
1 2 14603 14642 
1 2 14603 14601 
1 5 14603 14642 14644 14643 14644 
1 2 14603 14600 
1 2 14603 14601 
1 3 14603 14600 14602 
1 2 14606 14607 
1 3 14606 3140 3142 
1 2 14607 14606 
1 4 14607 3296 3280 3297 
1 2 14642 14603 
1 2 14643 14644 
1 5 14644 14643 14644 14642 14603 
1 2 14644 14643 
1 2 14653 14650 
1 2 14653 14843 
1 4 14650 14647 14648 14654 
1 2 14650 14653 
1 4 14650 14647 14654 14975 
1 4 14654 14648 14647 14650 
1 2 14654 14975 
1 2 14656 14655 
1 2 14655 14656 
1 2 14660 14659 
1 2 14659 9762 
1 2 14659 14660 
1 4 14701 12502 12489 12500 
1 2 14702 9102 
1 2 14718 14719 
1 2 14718 14719 
1 2 14719 14718 
1 3 14719 14718 14952 
1 2 14719 14718 
1 2 14721 14934 
1 2 14743 14742 
1 2 14742 14743 
1 2 14745 14748 
1 2 14748 14925 
1 2 14748 14745 
1 4 14767 13270 9953 9962 
1 5 14767 13363 13358 13276 13265 
1 2 14766 9937 
1 6 14766 9956 9938 9962 9953 13263 
1 2 14773 14827 
1 3 14775 9240 9396 
1 2 14775 9240 
1 2 14775 14776 
1 2 14776 13638 
1 2 14776 14775 
1 17 14776 14775 9240 9396 13627 13650 13632 13623 13638 13640 13618 13639 10507 10503 10510 9308 9304 
1 2 14778 14962 
1 2 14781 14782 
1 2 14781 14782 
1 2 14782 14781 
1 7 14782 14781 14195 14200 14210 14202 14219 
1 2 14782 14781 
1 2 14791 14792 
1 2 14792 14791 
1 2 14792 14970 
1 2 14801 14800 
1 2 14800 14801 
1 3 14800 14801 14925 
1 4 14803 14339 14340 14335 
1 3 14810 14809 14980 
1 5 14815 13289 13293 13287 13282 
1 2 14815 14816 
1 2 14816 14091 
1 2 14816 14815 
1 5 14816 13298 13284 13300 14959 
1 2 14827 14773 
1 3 14827 14773 14988 
1 2 14842 14843 
1 2 14842 14843 
1 2 14843 14842 
1 2 14843 14842 
1 2 14843 14653 
1 2 14849 14850 
1 2 14850 3542 
1 5 14850 3542 4532 4525 4535 
1 2 14850 14849 
1 8 14857 13329 13336 13331 13370 13373 13368 13369 
1 2 14857 13329 
1 2 14863 1190 
1 3 14863 1226 1190 
1 4 14867 14100 14105 8861 
1 2 14867 14868 
1 2 14868 14575 
1 2 14868 14095 
1 4 14868 14095 14532 14534 
1 3 14868 14575 14529 
1 4 14868 14581 14574 14578 
1 2 14868 14867 
1 5 14871 13077 13054 13056 13067 
1 6 14871 5015 5014 5528 5521 5530 
1 3 14871 5015 5014 
1 5 14871 13063 13214 13224 13212 
1 5 14871 5015 5013 13119 4913 
1 2 14876 14333 
1 2 14876 14331 
1 2 14876 14898 
1 3 14877 14411 14412 
1 2 14882 14416 
1 2 14885 14537 
1 2 14886 9011 
1 12 14886 9011 9003 9952 9964 9936 9962 9953 13263 13415 13410 13417 
1 2 14886 14887 
1 2 14886 14887 
1 2 14887 14886 
1 2 14887 14886 
1 2 14896 4652 
1 2 14897 5073 
1 4 14897 5056 5259 5252 
1 10 14897 5056 5259 5252 5257 5261 5493 5506 5499 4884 
1 6 14897 5051 5470 5468 5458 5465 
1 7 14897 5056 5259 5252 5254 5261 5493 
1 6 14898 14332 14331 14317 14330 14320 
1 2 14898 14876 
1 2 14903 5353 
1 2 14912 13419 
1 5 14912 13419 13350 13351 14977 
1 2 14912 13384 
1 4 14918 10106 10110 10094 
1 5 14921 14328 14316 14329 14962 
1 3 14925 14745 14960 
1 2 14925 14748 
1 3 14925 14801 14960 
1 3 14925 14801 14800 
1 2 14928 4719 
1 2 14934 14721 
1 2 14945 3170 
1 2 14952 10283 
1 3 14952 14718 14719 
1 2 14955 14410 
1 3 14955 5486 5484 
1 2 14957 14061 
1 4 14959 14816 14091 14084 
1 5 14959 13300 13284 13298 14816 
1 3 14960 14745 14925 
1 3 14960 14801 14925 
1 2 14962 13832 
1 2 14962 14778 
1 5 14962 14329 14316 14328 14921 
1 2 14967 15000 
1 2 14970 14792 
1 2 14975 14654 
1 4 14975 14654 14647 14650 
1 2 14977 13351 
1 5 14977 13351 13350 13419 14912 
1 2 14977 13345 
1 3 14980 14809 14810 
1 3 14988 14773 14827 
1 2 14997 14998 
1 3 14998 3488 14999 
1 2 14998 14997 
1 2 14999 15003 
1 3 14999 3488 14998 
1 2 15000 14967 
1 2 15000 15003 
1 2 15001 15002 
1 8 15002 3953 3958 3959 4779 4346 4790 4771 
1 4 15002 14967 15000 15003 
1 2 15002 15001 
1 9 15003 14999 3488 14998 14997 2700 2712 2707 2714 
1 2 15003 14999 
1 2 15003 15000 
1 4 15003 15000 14967 15002 
