1 7
1 12
1 15
1 22
1 24
1 33
1 37
1 43
1 53
1 54
1 65
1 75
1 80
1 95
1 115
1 138
1 168
1 174
1 213
1 222
1 225
1 231
1 257
1 282
1 308
1 333
1 348
1 363
1 382
1 392
1 393
1 401
1 435
1 449
1 453
1 461
1 477
1 480
1 508
1 526
1 530
1 547
1 580
1 593
1 612
1 621
1 628
1 645
1 646
1 657
1 660
1 686
1 715
1 724
1 729
1 751
1 765
1 775
1 786
1 795
1 797
1 801
1 817
1 819
1 829
1 867
1 872
1 891
1 912
1 923
1 950
1 967
1 985
1 990
1 996
1 1010
1 1018
1 1029
1 1040
1 1051
1 1079
1 1089
1 1092
1 1105
1 1114
1 1116
1 1122
1 1134
1 1143
1 1160
1 1169
1 1172
1 1176
1 1190
1 1205
1 1261
1 1264
1 1269
1 1288
1 1291
1 1302
1 1307
1 1325
1 1352
1 1370
1 1376
1 1386
1 1388
1 1392
1 1423
1 1425
1 1431
1 1436
1 1445
1 1459
1 1475
1 1479
1 1496
1 1516
1 1522
1 1523
1 1526
1 1534
1 1538
1 1544
1 1547
1 1578
1 1590
1 1593
1 1601
1 1602
1 1611
1 1619
1 1628
1 1631
1 1635
1 1641
1 1653
1 1655
1 1662
1 1674
1 1678
1 1679
1 1690
1 1691
1 1702
1 1741
1 1751
1 1752
1 1766
1 1778
1 1793
1 1800
1 1805
1 1827
1 1841
1 1846
1 1849
1 1857
1 1866
1 1893
1 1894
1 1899
1 1900
1 1919
1 1921
1 1936
1 1941
1 1948
1 1955
1 1971
1 1983
1 2002
1 2021
1 2025
1 2033
1 2036
1 2039
1 2040
1 2050
1 2058
1 2079
1 2090
1 2093
1 2102
1 2119
1 2135
1 2149
1 2153
1 2159
1 2173
1 2184
1 2191
1 2192
1 2216
1 2217
1 2242
1 2252
1 2255
1 2258
1 2265
1 2276
1 2292
1 2325
1 2329
1 2348
1 2350
1 2385
1 2394
1 2420
1 2436
1 2437
1 2444
1 2452
1 2454
1 2486
1 2514
1 2522
1 2527
1 2560
1 2563
1 2569
1 2582
1 2592
1 2598
1 2603
1 2610
1 2611
1 2618
1 2644
1 2648
1 2673
1 2689
1 2692
1 2710
1 2714
1 2718
1 2721
1 2722
1 2726
1 2734
1 2737
1 2740
1 2746
1 2753
1 2759
1 2769
1 2783
1 2784
1 2787
1 2812
1 2815
1 2818
1 2832
1 2833
1 2893
1 2909
1 2930
1 2953
1 2954
1 2962
1 2964
1 2969
1 2985
1 3010
1 3024
1 3026
1 3031
1 3036
1 3040
1 3070
1 3071
1 3093
1 3103
1 3109
1 3119
1 3120
1 3140
1 3142
1 3152
1 3154
1 3159
1 3170
1 3172
1 3193
1 3205
1 3207
1 3234
1 3248
1 3261
1 3263
1 3288
1 3297
1 3299
1 3300
1 3313
1 3321
1 3340
1 3342
1 3348
1 3353
1 3372
1 3383
1 3396
1 3397
1 3416
1 3417
1 3463
1 3512
1 3530
1 3535
1 3542
1 3555
1 3565
1 3574
1 3575
1 3582
1 3586
1 3588
1 3593
1 3595
1 3596
1 3597
1 3600
1 3621
1 3632
1 3637
1 3638
1 3639
1 3644
1 3647
1 3660
1 3682
1 3694
1 3695
1 3706
1 3724
1 3735
1 3750
1 3756
1 3770
1 3819
1 3825
1 3864
1 3885
1 3910
1 3930
1 3931
1 3943
1 3946
1 3950
1 3955
1 3971
1 3973
1 3994
1 4008
1 4032
1 4048
1 4067
1 4109
1 4127
1 4131
1 4138
1 4140
1 4143
1 4153
1 4169
1 4173
1 4182
1 4251
1 4260
1 4282
1 4316
1 4318
1 4338
1 4346
1 4348
1 4358
1 4362
1 4365
1 4394
1 4406
1 4433
1 4442
1 4443
1 4452
1 4463
1 4483
1 4488
1 4491
1 4494
1 4499
1 4503
1 4508
1 4509
1 4512
1 4514
1 4518
1 4521
1 4535
1 4537
1 4552
1 4562
1 4575
1 4580
1 4584
1 4601
1 4604
1 4609
1 4616
1 4646
1 4647
1 4652
1 4659
1 4673
1 4684
1 4691
1 4692
1 4695
1 4702
1 4711
1 4717
1 4719
1 4725
1 4742
1 4746
1 4762
1 4765
1 4771
1 4784
1 4802
1 4803
1 4807
1 4823
1 4826
1 4849
1 4867
1 4877
1 4884
1 4886
1 4897
1 4903
1 4913
1 4916
1 4923
1 4925
1 4930
1 4935
1 4936
1 4953
1 4971
1 4981
1 4995
1 5000
1 5007
1 5014
1 5015
1 5022
1 5073
1 5080
1 5091
1 5098
1 5101
1 5102
1 5117
1 5129
1 5182
1 5246
1 5252
1 5261
1 5263
1 5268
1 5281
1 5285
1 5289
1 5319
1 5327
1 5350
1 5353
1 5373
1 5382
1 5385
1 5388
1 5394
1 5401
1 5438
1 5459
1 5465
1 5483
1 5484
1 5493
1 5512
1 5530
1 5531
1 5537
1 5542
1 5551
1 5554
1 5598
1 5604
1 5609
1 5618
1 5623
1 5627
1 5631
1 5640
1 5645
1 5650
1 5651
1 5653
1 5654
1 5656
1 5661
1 5680
1 5687
1 5698
1 5700
1 5705
1 5720
1 5723
1 5739
1 5742
1 5743
1 5748
1 5754
1 5781
1 5807
1 5821
1 5842
1 5859
1 5860
1 5865
1 5886
1 5904
1 5910
1 5913
1 5917
1 5935
1 5939
1 5968
1 5974
1 5975
1 5984
1 5999
1 6001
1 6007
1 6011
1 6012
1 6021
1 6035
1 6050
1 6063
1 6068
1 6069
1 6073
1 6080
1 6085
1 6092
1 6108
1 6109
1 6121
1 6136
1 6149
1 6152
1 6155
1 6158
1 6165
1 6166
1 6172
1 6188
1 6207
1 6213
1 6220
1 6231
1 6249
1 6252
1 6260
1 6271
1 6305
1 6314
1 6321
1 6329
1 6334
1 6351
1 6360
1 6367
1 6385
1 6386
1 6394
1 6407
1 6408
1 6421
1 6429
1 6444
1 6452
1 6476
1 6489
1 6495
1 6509
1 6512
1 6513
1 6521
1 6526
1 6537
1 6545
1 6558
1 6565
1 6566
1 6590
1 6620
1 6624
1 6637
1 6648
1 6649
1 6659
1 6670
1 6686
1 6699
1 6715
1 6731
1 6735
1 6741
1 6748
1 6759
1 6767
1 6784
1 6795
1 6800
1 6801
1 6806
1 6809
1 6820
1 6823
1 6844
1 6855
1 6861
1 6878
1 6882
1 6887
1 6901
1 6920
1 6923
1 6930
1 6940
1 6956
1 6965
1 6972
1 6981
1 6983
1 6989
1 7013
1 7034
1 7039
1 7051
1 7054
1 7066
1 7069
1 7103
1 7126
1 7138
1 7164
1 7171
1 7194
1 7212
1 7232
1 7246
1 7257
1 7260
1 7305
1 7309
1 7310
1 7322
1 7335
1 7357
1 7360
1 7366
1 7371
1 7381
1 7385
1 7392
1 7404
1 7409
1 7410
1 7414
1 7422
1 7432
1 7459
1 7490
1 7492
1 7503
1 7516
1 7524
1 7532
1 7534
1 7535
1 7543
1 7556
1 7561
1 7566
1 7585
1 7590
1 7599
1 7612
1 7615
1 7622
1 7627
1 7633
1 7650
1 7655
1 7661
1 7664
1 7665
1 7672
1 7699
1 7711
1 7716
1 7717
1 7725
1 7735
1 7774
1 7791
1 7795
1 7806
1 7809
1 7816
1 7829
1 7830
1 7833
1 7841
1 7842
1 7846
1 7860
1 7876
1 7900
1 7902
1 7908
1 7910
1 7914
1 7922
1 7944
1 7953
1 7961
1 7972
1 7980
1 8001
1 8012
1 8039
1 8056
1 8065
1 8075
1 8081
1 8088
1 8094
1 8095
1 8121
1 8128
1 8139
1 8143
1 8154
1 8210
1 8215
1 8221
1 8223
1 8231
1 8233
1 8237
1 8246
1 8264
1 8268
1 8275
1 8280
1 8287
1 8292
1 8300
1 8304
1 8308
1 8310
1 8321
1 8331
1 8338
1 8339
1 8344
1 8345
1 8366
1 8380
1 8398
1 8408
1 8417
1 8436
1 8437
1 8441
1 8456
1 8461
1 8468
1 8489
1 8496
1 8505
1 8512
1 8522
1 8528
1 8556
1 8559
1 8596
1 8597
1 8605
1 8608
1 8610
1 8613
1 8635
1 8638
1 8643
1 8644
1 8650
1 8663
1 8672
1 8682
1 8684
1 8691
1 8695
1 8710
1 8715
1 8732
1 8736
1 8750
1 8763
1 8772
1 8786
1 8798
1 8807
1 8812
1 8824
1 8850
1 8853
1 8861
1 8872
1 8891
1 8901
1 8905
1 8913
1 8924
1 8934
1 8959
1 8994
1 9011
1 9024
1 9069
1 9072
1 9102
1 9103
1 9138
1 9178
1 9203
1 9211
1 9218
1 9220
1 9240
1 9250
1 9293
1 9303
1 9304
1 9318
1 9331
1 9338
1 9340
1 9364
1 9365
1 9396
1 9398
1 9421
1 9437
1 9451
1 9469
1 9472
1 9473
1 9480
1 9503
1 9536
1 9555
1 9570
1 9572
1 9606
1 9608
1 9645
1 9656
1 9663
1 9664
1 9686
1 9695
1 9762
1 9778
1 9829
1 9859
1 9888
1 9924
1 9926
1 9937
1 9962
1 9979
1 10000
1 10004
1 10011
1 10015
1 10016
1 10017
1 10030
1 10053
1 10074
1 10081
1 10094
1 10100
1 10129
1 10139
1 10169
1 10181
1 10217
1 10230
1 10234
1 10256
1 10257
1 10270
1 10277
1 10283
1 10294
1 10305
1 10314
1 10316
1 10317
1 10337
1 10346
1 10359
1 10365
1 10379
1 10424
1 10442
1 10467
1 10480
1 10497
1 10500
1 10501
1 10503
1 10507
1 10525
1 10526
1 10541
1 10557
1 10582
1 10605
1 10649
1 10676
1 10678
1 10686
1 10697
1 10698
1 10700
1 10714
1 10720
1 10735
1 10743
1 10783
1 10786
1 10793
1 10795
1 10805
1 10833
1 10835
1 10840
1 10850
1 10865
1 10878
1 10885
1 10893
1 10909
1 10917
1 10926
1 10934
1 10952
1 10958
1 10979
1 10981
1 11004
1 11010
1 11011
1 11025
1 11026
1 11044
1 11072
1 11076
1 11088
1 11094
1 11107
1 11119
1 11120
1 11134
1 11139
1 11143
1 11146
1 11152
1 11155
1 11172
1 11175
1 11187
1 11190
1 11192
1 11197
1 11211
1 11217
1 11221
1 11226
1 11236
1 11242
1 11261
1 11273
1 11293
1 11308
1 11326
1 11331
1 11353
1 11355
1 11370
1 11374
1 11377
1 11389
1 11397
1 11402
1 11418
1 11419
1 11422
1 11434
1 11465
1 11485
1 11497
1 11502
1 11517
1 11520
1 11537
1 11563
1 11567
1 11568
1 11573
1 11578
1 11590
1 11594
1 11602
1 11607
1 11645
1 11646
1 11660
1 11661
1 11680
1 11685
1 11695
1 11698
1 11707
1 11711
1 11721
1 11726
1 11735
1 11742
1 11751
1 11769
1 11772
1 11789
1 11798
1 11803
1 11814
1 11831
1 11835
1 11836
1 11850
1 11852
1 11853
1 11861
1 11866
1 11867
1 11870
1 11871
1 11881
1 11882
1 11885
1 11905
1 11908
1 11913
1 11918
1 11922
1 11931
1 11934
1 11939
1 11961
1 11976
1 11985
1 11988
1 12004
1 12006
1 12007
1 12010
1 12012
1 12013
1 12048
1 12062
1 12068
1 12078
1 12079
1 12085
1 12092
1 12101
1 12110
1 12127
1 12139
1 12161
1 12163
1 12171
1 12190
1 12198
1 12209
1 12211
1 12218
1 12225
1 12228
1 12249
1 12251
1 12253
1 12259
1 12260
1 12273
1 12293
1 12296
1 12319
1 12320
1 12323
1 12326
1 12327
1 12340
1 12356
1 12358
1 12372
1 12378
1 12407
1 12416
1 12422
1 12440
1 12462
1 12469
1 12489
1 12500
1 12516
1 12527
1 12557
1 12559
1 12576
1 12585
1 12605
1 12615
1 12631
1 12635
1 12658
1 12667
1 12677
1 12680
1 12694
1 12703
1 12722
1 12733
1 12777
1 12798
1 12804
1 12828
1 12832
1 12838
1 12840
1 12848
1 12852
1 12865
1 12872
1 12873
1 12890
1 12891
1 12902
1 12903
1 12916
1 12918
1 12925
1 12929
1 12936
1 12940
1 12942
1 12944
1 12948
1 12963
1 12971
1 12972
1 12976
1 12977
1 12988
1 12998
1 12999
1 13006
1 13010
1 13026
1 13034
1 13040
1 13045
1 13046
1 13049
1 13067
1 13079
1 13087
1 13093
1 13099
1 13105
1 13114
1 13116
1 13119
1 13120
1 13124
1 13125
1 13134
1 13136
1 13137
1 13139
1 13148
1 13150
1 13157
1 13165
1 13169
1 13170
1 13178
1 13181
1 13188
1 13192
1 13196
1 13212
1 13229
1 13233
1 13234
1 13243
1 13247
1 13251
1 13254
1 13263
1 13265
1 13282
1 13287
1 13304
1 13309
1 13313
1 13329
1 13330
1 13345
1 13351
1 13355
1 13364
1 13366
1 13369
1 13384
1 13385
1 13394
1 13395
1 13401
1 13416
1 13417
1 13419
1 13425
1 13431
1 13442
1 13444
1 13446
1 13447
1 13451
1 13471
1 13475
1 13478
1 13483
1 13486
1 13492
1 13493
1 13496
1 13508
1 13511
1 13528
1 13529
1 13537
1 13543
1 13548
1 13552
1 13556
1 13560
1 13567
1 13572
1 13590
1 13594
1 13595
1 13610
1 13612
1 13635
1 13638
1 13657
1 13663
1 13671
1 13679
1 13681
1 13688
1 13696
1 13702
1 13707
1 13719
1 13721
1 13724
1 13726
1 13727
1 13734
1 13742
1 13743
1 13752
1 13755
1 13756
1 13757
1 13758
1 13773
1 13775
1 13785
1 13787
1 13791
1 13792
1 13799
1 13806
1 13814
1 13815
1 13817
1 13819
1 13820
1 13821
1 13823
1 13825
1 13829
1 13830
1 13831
1 13832
1 13834
1 13837
1 13845
1 13846
1 13848
1 13850
1 13859
1 13861
1 13868
1 13879
1 13882
1 13884
1 13894
1 13895
1 13900
1 13901
1 13904
1 13909
1 13910
1 13914
1 13918
1 13927
1 13928
1 13929
1 13930
1 13935
1 13937
1 13941
1 13945
1 13946
1 13950
1 13954
1 13956
1 13957
1 13964
1 13966
1 13973
1 13977
1 13983
1 13984
1 13987
1 13988
1 13994
1 14006
1 14007
1 14010
1 14011
1 14019
1 14020
1 14021
1 14022
1 14026
1 14027
1 14039
1 14043
1 14049
1 14050
1 14053
1 14054
1 14061
1 14066
1 14067
1 14076
1 14077
1 14084
1 14091
1 14095
1 14108
1 14111
1 14113
1 14116
1 14125
1 14128
1 14133
1 14138
1 14145
1 14149
1 14157
1 14164
1 14165
1 14168
1 14169
1 14170
1 14176
1 14180
1 14182
1 14187
1 14188
1 14191
1 14201
1 14209
1 14217
1 14219
1 14223
1 14224
1 14225
1 14228
1 14235
1 14241
1 14250
1 14258
1 14259
1 14260
1 14275
1 14280
1 14285
1 14287
1 14290
1 14292
1 14294
1 14295
1 14308
1 14309
1 14320
1 14323
1 14331
1 14333
1 14335
1 14338
1 14342
1 14343
1 14348
1 14361
1 14364
1 14374
1 14381
1 14382
1 14384
1 14391
1 14392
1 14395
1 14398
1 14401
1 14402
1 14403
1 14406
1 14410
1 14412
1 14416
1 14417
1 14424
1 14435
1 14437
1 14440
1 14446
1 14447
1 14453
1 14455
1 14456
1 14457
1 14459
1 14461
1 14465
1 14469
1 14471
1 14472
1 14473
1 14474
1 14477
1 14480
1 14482
1 14483
1 14484
1 14486
1 14488
1 14489
1 14490
1 14491
1 14492
1 14493
1 14494
1 14495
1 14497
1 14499
1 14501
1 14503
1 14506
1 14507
1 14512
1 14514
1 14517
1 14520
1 14521
1 14523
1 14526
1 14529
1 14532
1 14534
1 14536
1 14537
1 14539
1 14540
1 14542
1 14544
1 14545
1 14546
1 14556
1 14559
1 14560
1 14561
1 14563
1 14564
1 14565
1 14567
1 14575
1 14578
1 14588
1 14589
1 14595
1 14598
1 14600
1 14601
1 14602
1 14603
1 14606
1 14607
1 14609
1 14610
1 14615
1 14616
1 14617
1 14618
1 14619
1 14624
1 14625
1 14627
1 14628
1 14631
1 14634
1 14642
1 14643
1 14644
1 14645
1 14646
1 14650
1 14653
1 14654
1 14655
1 14656
1 14657
1 14659
1 14660
1 14662
1 14665
1 14666
1 14669
1 14670
1 14671
1 14679
1 14683
1 14688
1 14689
1 14695
1 14701
1 14702
1 14704
1 14705
1 14706
1 14708
1 14715
1 14716
1 14718
1 14719
1 14721
1 14722
1 14724
1 14726
1 14727
1 14728
1 14730
1 14732
1 14733
1 14734
1 14736
1 14737
1 14742
1 14743
1 14745
1 14748
1 14749
1 14753
1 14755
1 14756
1 14758
1 14760
1 14762
1 14763
1 14765
1 14766
1 14767
1 14771
1 14772
1 14773
1 14774
1 14775
1 14776
1 14778
1 14781
1 14782
1 14783
1 14784
1 14785
1 14787
1 14788
1 14789
1 14791
1 14792
1 14793
1 14794
1 14796
1 14798
1 14799
1 14800
1 14801
1 14803
1 14806
1 14807
1 14810
1 14813
1 14815
1 14816
1 14819
1 14820
1 14821
1 14824
1 14825
1 14827
1 14831
1 14832
1 14833
1 14834
1 14842
1 14843
1 14844
1 14845
1 14846
1 14847
1 14848
1 14849
1 14850
1 14851
1 14852
1 14853
1 14854
1 14855
1 14857
1 14863
1 14867
1 14868
1 14871
1 14874
1 14876
1 14877
1 14880
1 14881
1 14882
1 14884
1 14885
1 14886
1 14887
1 14891
1 14894
1 14896
1 14897
1 14898
1 14902
1 14903
1 14904
1 14905
1 14911
1 14912
1 14913
1 14915
1 14917
1 14918
1 14920
1 14921
1 14923
1 14924
1 14925
1 14926
1 14928
1 14934
1 14935
1 14938
1 14942
1 14945
1 14946
1 14951
1 14952
1 14954
1 14955
1 14956
1 14957
1 14959
1 14960
1 14961
1 14962
1 14965
1 14966
1 14967
1 14968
1 14969
1 14970
1 14974
1 14975
1 14976
1 14977
1 14979
1 14980
1 14981
1 14982
1 14985
1 14986
1 14988
1 14992
1 14993
1 14994
1 14995
1 14996
1 14997
1 14998
1 14999
1 15000
1 15001
1 15002
1 15003
